-3.71
-5.58
-6.64
-7.41
-8.05
-8.62
-9.12
-9.57
-9.98
-10.35
-10.71
-11.06
-11.40
-11.74
-12.09
-12.43
-12.75
-13.05
-13.33
-13.64
-13.93
-14.22
-14.50
-14.83
-15.14
-15.41
-15.68
-15.95
-16.25
-16.52
-16.82
-17.08
-17.35
-17.63
-17.91
-18.20
-18.47
-18.76
-19.03
-19.33
-19.60
-19.88
-20.15
-20.48
-20.76
-21.06
-21.34
-21.62
-21.93
-22.24
-22.56
-22.89
-23.21
-23.54
-23.87
-24.17
-24.50
-24.84
-25.16
-25.52
-25.87
-26.21
-26.54
-26.89
-27.26
-27.66
-28.02
-28.41
-28.76
-29.16
-29.57
-29.99
-30.44
-30.85
-31.26
-31.69
-32.13
-32.57
-33.03
-33.47
-33.93
-34.42
-34.86
-35.30
-35.78
-36.22
-36.66
-37.09
-37.51
-37.96
-38.39
-38.80
-39.26
-39.71
-40.15
-40.57
-40.97
-41.37
-41.75
-42.12
-42.52
-42.87
-43.23
-43.56
-43.88
-44.19
-44.47
-44.77
-45.02
-45.32
-45.58
-45.80
-46.02
-46.18
-46.37
-46.53
-46.67
-46.77
-46.88
-47.02
-47.10
-47.17
-47.24
-47.27
-47.29
-47.31
-47.31
-47.31
-47.27
-47.18
-47.06
-46.97
-46.85
-46.75
-46.62
-46.49
-46.31
-46.15
-45.96
-45.79
-45.59
-45.34
-45.06
-44.81
-44.55
-44.26
-43.95
-43.64
-43.31
-42.99
-42.66
-42.30
-41.92
-41.54
-41.15
-40.75
-40.35
-39.94
-39.52
-39.07
-38.62
-38.19
-37.77
-37.32
-36.89
-36.42
-35.96
-35.49
-35.01
-34.52
-34.01
-33.51
-33.00
-32.47
-31.94
-31.40
-30.89
-30.37
-29.84
-29.29
-28.76
-28.23
-27.68
-27.15
-26.59
-26.03
-25.50
-24.95
-24.43
-23.89
-23.34
-22.82
-22.24
-21.68
-21.12
-20.59
-20.05
-19.50
-18.96
-18.41
-17.91
-17.32
-16.82
-16.30
-15.82
-15.26
-14.76
-14.24
-13.74
-13.22
-12.72
-12.19
-11.68
-11.18
-10.69
-10.18
-9.68
-9.20
-8.68
-8.20
-7.71
-7.26
-6.78
-6.32
-5.89
-5.44
-5.01
-4.56
-4.14
-3.75
-3.31
-2.90
-2.48
-2.11
-1.78
-1.40
-1.01
-0.62
-0.25
0.06
0.41
0.73
1.05
1.35
1.63
1.92
2.21
2.47
2.74
2.98
3.21
3.44
3.66
3.86
4.05
4.24
4.40
4.54
4.70
4.81
4.96
5.07
5.18
5.25
5.33
5.38
5.43
5.45
5.48
5.44
5.44
5.43
5.40
5.35
5.29
5.21
5.10
4.98
4.83
4.66
4.51
4.31
4.11
3.87
3.63
3.34
3.08
2.80
2.49
2.17
1.82
1.47
1.10
0.76
0.37
-0.03
-0.45
-0.86
-1.29
-1.71
-2.18
-2.62
-3.05
-3.50
-3.96
-4.43
-4.89
-5.33
-5.80
-6.25
-6.73
-7.20
-7.70
-8.19
-8.67
-9.15
-9.64
-10.16
-10.64
-11.16
-11.70
-12.20
-12.71
-13.23
-13.73
-14.27
-14.83
-15.36
-15.93
-16.47
-17.04
-17.60
-18.19
-18.73
-19.29
-19.88
-20.46
-21.05
-21.64
-22.23
-22.85
-23.45
-24.08
-24.71
-25.36
-26.01
-26.83
-27.33
-28.05
-28.15
-28.71
-29.18
-29.67
-30.18
-30.63
-31.08
-31.49
-31.88
-32.26
-32.61
-32.95
-33.27
-33.59
-33.89
-34.16
-34.41
-34.64
-34.86
-35.06
-35.24
-35.41
-35.56
-35.72
-35.81
-35.88
-35.93
-35.94
-35.96
-35.93
-35.90
-35.83
-35.78
-35.70
-35.58
-35.43
-35.26
-35.06
-34.88
-34.65
-34.42
-34.15
-33.87
-33.57
-33.24
-32.90
-32.54
-32.16
-31.75
-31.34
-30.92
-30.48
-30.03
-29.57
-29.07
-28.58
-28.06
-27.55
-26.99
-26.42
-25.86
-25.28
-24.69
-24.09
-23.49
-22.88
-22.26
-21.60
-20.95
-20.28
-19.61
-18.92
-18.22
-17.50
-16.80
-16.08
-15.36
-14.62
-13.90
-13.16
-12.37
-11.60
-10.83
-10.08
-9.30
-8.52
-7.75
-6.95
-6.15
-5.37
-4.58
-3.77
-2.97
-2.13
-1.31
-0.50
0.32
1.13
1.95
2.81
3.65
4.50
5.33
6.19
7.04
7.90
8.78
9.63
0.46
1.29
2.14
2.99
3.87
4.71
5.56
6.42
7.30
8.18
9.04
9.90
0.76
1.60
2.46
3.31
4.17
5.03
5.87
6.71
7.55
8.38
9.22
0.08
0.92
1.76
2.59
3.45
4.29
5.12
5.95
6.75
7.56
8.37
9.18
9.99
0.78
1.59
2.37
3.15
3.95
4.72
5.47
6.26
7.01
7.74
8.46
9.18
9.85
0.55
1.25
1.91
2.57
3.21
3.83
4.44
5.04
5.62
6.21
6.79
7.33
7.82
8.34
8.82
9.28
9.72
0.14
0.49
0.82
1.15
1.41
1.69
1.95
2.14
2.30
2.46
2.58
2.68
2.75
2.76
2.76
2.73
2.64
2.55
2.42
2.25
2.07
1.85
1.60
1.33
1.01
0.68
0.32
9.96
9.54
9.10
8.64
8.17
7.69
7.21
6.69
6.14
5.60
5.02
4.42
3.83
3.20
2.56
1.90
1.23
0.55
9.87
9.15
8.45
7.76
7.06
6.37
5.63
4.89
4.15
3.40
2.63
1.84
1.09
0.29
9.48
8.71
7.91
7.11
6.33
5.54
4.71
3.90
3.09
2.29
1.46
0.64
9.82
9.00
8.19
7.35
6.52
5.69
4.88
4.06
3.23
2.40
1.57
0.76
9.94
9.10
8.30
7.48
6.66
5.84
5.04
4.22
3.40
2.60
1.76
0.94
0.14
9.35
8.58
7.78
6.98
6.18
5.38
4.57
3.76
2.98
2.20
1.43
0.64
-0.15
-0.93
-1.70
-2.48
-3.26
-4.01
-4.77
-5.50
-6.26
-7.00
-7.75
-8.47
-9.17
-9.85
-10.54
-11.23
-11.93
-12.64
-13.31
-13.96
-14.60
-15.26
-15.92
-16.55
-17.19
-17.79
-18.39
-18.96
-19.51
-20.09
-20.66
-21.24
-21.74
-22.26
-22.77
-23.27
-23.75
-24.21
-24.66
-25.10
-25.53
-25.93
-26.30
-26.71
-27.07
-27.42
-27.77
-28.10
-28.41
-28.69
-28.95
-29.19
-29.42
-29.63
-29.88
-30.07
-30.22
-30.36
-30.50
-30.59
-30.69
-30.73
-30.81
-30.84
-30.88
-30.86
-30.83
-30.77
-30.71
-30.64
-30.54
-30.42
-30.27
-30.11
-29.92
-29.73
-29.51
-29.26
-29.01
-28.71
-28.42
-28.12
-27.80
-27.43
-27.08
-26.71
-26.31
-25.93
-25.51
-25.06
-24.62
-24.16
-23.67
-23.17
-22.66
-22.13
-21.61
-21.06
-20.53
-19.97
-19.38
-18.79
-18.20
-17.57
-16.96
-16.35
-15.72
-15.06
-14.40
-13.74
-13.06
-12.39
-11.72
-11.03
-10.34
-9.65
-8.96
-8.24
-7.51
-6.76
-6.03
-5.29
-4.57
-3.80
-3.04
-2.27
-1.51
-0.75
0.05
0.81
1.58
2.37
3.15
3.92
4.73
5.52
6.32
7.10
7.89
8.70
9.52
0.33
1.14
1.97
2.77
3.56
4.37
5.19
6.00
6.83
7.64
8.47
9.29
0.10
0.92
1.74
2.59
3.40
4.21
5.02
5.84
6.66
7.47
8.28
9.12
9.94
0.76
1.57
2.39
3.21
4.01
4.80
5.59
6.41
7.19
7.96
8.73
9.51
0.27
1.05
1.83
2.60
3.35
4.10
4.82
5.58
6.30
7.01
7.72
8.43
9.13
9.81
0.45
1.10
1.77
2.38
3.00
3.60
4.18
4.74
5.31
5.83
6.36
6.87
7.34
7.81
8.22
8.64
9.02
9.40
9.74
0.06
0.36
0.63
0.88
1.08
1.27
1.43
1.56
1.66
1.73
1.77
1.78
1.77
1.74
1.65
1.55
1.42
1.25
1.10
0.84
0.59
0.32
0.04
9.74
9.39
9.02
8.65
8.25
7.83
7.39
6.92
6.43
5.92
5.41
4.85
4.29
3.72
3.11
2.51
1.90
1.26
0.64
0.02
9.34
8.67
7.99
7.31
6.62
5.91
5.21
4.50
3.77
3.01
2.26
1.51
0.77
0.00
9.24
8.46
7.69
6.91
6.13
5.34
4.55
3.76
2.98
2.21
1.37
0.58
9.78
8.99
8.19
7.37
6.57
5.78
4.96
4.16
3.35
2.54
1.72
0.92
0.12
9.33
8.55
7.74
6.93
6.14
5.32
4.52
3.76
2.98
2.18
1.38
0.62
9.81
9.02
8.24
7.46
6.68
5.92
5.18
4.40
3.63
2.87
2.12
1.38
0.63
-0.12
-0.83
-1.56
-2.29
-3.02
-3.73
-4.41
-5.10
-5.82
-6.52
-7.19
-7.87
-8.56
-9.24
-9.88
-10.54
-11.16
-11.80
-12.41
-13.00
-13.61
-14.19
-14.79
-15.37
-15.95
-16.50
-17.04
-17.57
-18.09
-18.59
-19.10
-19.58
-20.07
-20.53
-20.99
-21.43
-21.85
-22.26
-22.64
-23.01
-23.36
-23.70
-24.02
-24.31
-24.59
-24.90
-25.14
-25.42
-25.65
-25.86
-26.07