1
-4.53
-6.71
-7.68
-8.19
-8.44
-8.51
-8.44
-8.29
-8.01
-7.72
-7.35
-6.96
-6.51
-6.01
-5.49
-4.91
-4.34
-3.71
-3.08
-2.40
-1.73
-1.05
-0.32
0.42
1.19
1.97
2.74
3.55
4.39
5.21
6.04
6.89
7.75
8.61
9.46
10.36
11.24
12.12
12.99
13.88
14.76
15.64
16.51
17.38
18.26
19.12
20.03
20.91
21.76
22.59
23.44
24.28
25.08
25.88
26.67
27.44
28.19
28.91
29.61
30.30
30.96
31.62
32.23
32.85
33.42
33.98
34.52
35.03
35.48
35.92
36.31
36.66
36.98
37.27
37.51
37.72
37.90
38.04
38.14
38.18
38.21
38.16
38.10
38.00
37.87
37.68
37.45
37.20
36.93
36.58
36.26
35.81
35.38
34.93
34.43
33.89
33.34
32.73
32.08
31.43
30.77
30.10
29.37
28.65
27.91
27.17
26.38
25.58
24.75
23.93
23.08
22.24
21.39
20.51
19.61
18.72
17.81
16.88
15.96
15.06
14.15
13.21
12.30
11.39
10.46
9.54
8.60
7.66
6.76
5.82
4.86
3.94
3.01
2.07
1.15
0.22
-0.68
-1.58
-2.46
-3.33
-4.17
-5.04
-5.91
-6.76
-7.63
-8.48
-9.32
-10.14
-10.96
-11.79
-12.60
-13.43
-14.23
-15.04
-15.84
-16.63
-17.42
-18.25
-19.05
-19.86
-20.66
-21.44
-22.23
-23.02
-23.78
-24.49
-25.20
-25.87
-26.47
-27.04
-27.54
-27.98
-28.33
-28.67
-28.91
-29.09
-29.22
-29.27
-29.27
-29.21
-29.10
-28.94
-28.69
-28.42
-28.07
-27.68
-27.21
-26.70
-26.17
-25.59
-24.99
-24.33
-23.63
-22.89
-22.12
-21.32
-20.50
-19.61
-18.71
-17.78
-16.83
-15.86
-14.89
-13.89
-12.87
-11.82
-10.76
-9.71
-8.60
-7.51
-6.38
-5.25
-4.13
-2.98
-1.83
-0.67
0.48
1.66
2.82
3.99
5.15
6.31
7.47
8.61
9.76
10.89
12.04
13.16
14.29
15.39
16.48
17.54
18.61
19.64
20.66
21.65
22.61
23.55
24.48
25.40
26.24
27.10
27.91
28.70
29.44
30.17
30.83
31.45
32.02
32.55
33.03
33.49
33.89
34.25
34.56
34.83
35.04
35.18
35.28
35.34
35.35
35.32
35.22
35.06
34.85
34.57
34.27
33.90
33.50
33.02
32.51
31.96
31.40
30.75
30.08
29.36
28.63
27.85
27.04
26.20
25.31
24.41
23.47
22.50
21.50
20.49
19.46
18.40
17.33
16.23
15.11
13.98
12.82
11.63
10.49
9.32
8.15
6.98
5.81
4.60
3.36
2.16
0.90
-0.34
-1.57
-2.84
-4.12
-5.36