-0.03	0.01	1.00	0.85	-0.79	-1.72	119	-63	179
-0.02	0.02	1.00	0.92	-0.83	-2.01	119	-65	179
-0.02	0.01	1.01	1.05	-0.67	-1.98	109	-65	185
-0.03	0.01	1.00	0.88	-0.69	-1.79	118	-64	176
-0.03	0.01	1.01	0.89	-0.55	-1.97	114	-64	180
-0.03	0.02	1.00	0.92	-0.74	-1.88	114	-64	178
-0.03	0.01	1.00	0.95	-0.74	-1.97	117	-65	183
-0.03	0.01	1.00	1.00	-0.67	-1.91	117	-63	179
-0.03	0.01	1.01	0.74	-0.70	-2.02	121	-67	181
-0.02	0.01	1.01	0.94	-0.95	-1.93	118	-66	178
-0.02	0.01	1.01	0.92	-0.61	-1.98	115	-61	177
-0.03	0.02	1.00	0.95	-0.83	-1.95	116	-66	182
-0.03	0.01	1.01	1.03	-0.76	-1.98	109	-61	183
-0.03	0.02	1.00	0.91	-0.74	-2.02	116	-68	178
-0.02	0.01	1.01	0.95	-0.84	-2.14	116	-68	180
-0.02	0.01	1.01	0.89	-0.74	-1.89	118	-68	180
-0.02	0.01	1.00	0.84	-0.88	-1.82	110	-68	174
-0.02	0.01	1.01	0.95	-0.80	-1.91	121	-69	179
-0.03	0.02	1.00	0.97	-0.82	-1.94	119	-67	181
-0.03	0.01	1.00	0.89	-0.84	-1.86	116	-64	180
-0.02	0.02	1.01	1.01	-0.68	-2.08	114	-64	182
-0.02	0.01	1.01	0.89	-0.85	-1.99	119	-65	181
-0.03	0.01	1.00	0.95	-0.76	-1.91	122	-62	178
-0.02	0.01	1.01	0.95	-0.73	-1.86	114	-58	178
-0.03	0.01	1.01	1.05	-0.79	-1.98	115	-67	183
-0.03	0.01	1.00	0.85	-0.74	-1.83	115	-61	177
-0.03	0.01	1.01	1.06	-0.79	-1.95	115	-65	179
-0.03	0.01	1.00	1.00	-0.85	-2.00	115	-63	185
-0.03	0.01	1.00	0.91	-0.75	-1.81	121	-67	183
-0.03	0.01	1.01	0.88	-0.55	-1.95	115	-61	181
-0.03	0.01	1.00	1.01	-0.64	-1.88	119	-63	183
-0.02	0.01	1.01	1.03	-0.69	-2.01	116	-68	184
-0.02	0.01	1.01	1.00	-0.94	-1.94	117	-67	181
-0.03	0.02	1.01	1.11	-0.74	-2.04	113	-65	185
-0.02	0.01	1.01	0.95	-0.67	-1.91	117	-61	179
-0.03	0.01	1.00	1.10	-0.58	-1.94	114	-70	178
-0.02	0.01	1.01	0.87	-0.72	-1.94	116	-66	178
-0.03	0.01	1.00	0.81	-0.83	-2.07	118	-60	180
-0.03	0.01	1.01	0.90	-0.76	-1.88	112	-60	182
-0.02	0.01	1.00	0.92	-0.63	-1.78	114	-66	176
-0.03	0.01	1.01	0.82	-0.90	-1.77	116	-58	180
-0.03	0.01	1.01	0.83	-0.63	-1.84	114	-58	182
-0.03	0.01	1.00	0.97	-0.83	-1.81	117	-67	177
-0.03	0.01	1.00	0.89	-0.74	-1.88	117	-61	179
-0.02	0.01	1.00	0.82	-0.84	-1.97	118	-70	180
-0.03	0.02	1.00	1.07	-0.76	-1.99	117	-63	181
-0.03	0.02	1.01	0.79	-0.66	-2.10	113	-63	181
-0.03	0.01	1.01	0.85	-0.90	-1.87	114	-64	178
-0.02	0.01	1.01	0.93	-0.79	-1.95	115	-67	179
-0.03	0.01	1.00	0.89	-0.61	-1.99	116	-64	180
-0.03	0.01	1.00	0.98	-0.76	-2.03	113	-69	183
-0.02	0.01	1.00	0.86	-0.71	-1.95	113	-61	179
-0.04	0.01	1.00	1.05	-0.73	-1.85	114	-68	184
-0.03	0.01	1.00	0.86	-0.79	-2.05	115	-67	181
-0.03	0.01	1.01	0.89	-0.87	-1.86	114	-62	176
-0.03	0.01	1.01	0.81	-0.76	-2.06	112	-66	182
-0.03	0.01	1.00	0.95	-0.78	-2.08	114	-62	178
-0.02	0.02	1.01	0.99	-0.74	-1.91	113	-63	179
-0.02	0.02	1.01	0.90	-0.70	-1.84	111	-65	179
-0.02	0.02	1.01	1.11	-0.72	-1.95	114	-64	176
-0.03	0.01	1.01	0.96	-0.70	-1.94	119	-65	179
-0.03	0.01	1.00	0.84	-0.74	-1.95	113	-61	181
-0.02	0.01	1.00	0.92	-0.73	-1.98	114	-64	178
-0.03	0.01	1.01	0.87	-0.76	-1.98	113	-63	175
-0.03	0.01	1.00	0.97	-0.82	-1.91	116	-66	176
-0.02	0.01	1.01	0.74	-0.80	-1.92	118	-68	178
-0.02	0.01	1.01	0.85	-0.69	-2.03	113	-65	179
-0.02	0.01	1.00	1.09	-0.82	-1.87	113	-65	179
-0.02	0.01	1.00	0.91	-0.76	-2.01	118	-64	180
-0.02	0.01	1.01	0.85	-0.79	-1.82	114	-66	176
-0.03	0.01	1.02	0.85	-0.75	-1.85	115	-63	179
-0.02	0.01	1.01	1.01	-0.61	-1.96	114	-60	184
-0.03	0.01	1.01	0.82	-0.60	-1.92	115	-63	173
-0.03	0.02	1.00	0.98	-0.76	-2.00	116	-64	180
-0.03	0.01	1.00	1.14	-0.77	-1.73	114	-64	176
-0.03	0.01	0.99	0.92	-0.72	-1.95	119	-67	177
-0.03	0.01	1.01	0.90	-0.76	-1.82	114	-68	180
-0.03	0.01	0.99	0.95	-0.71	-1.80	118	-64	184
-0.02	0.01	1.02	1.05	-0.85	-1.84	120	-64	180
-0.03	0.01	1.01	0.85	-0.60	-2.01	113	-63	181
-0.03	0.02	1.01	0.88	-0.89	-2.05	116	-64	180
-0.03	0.01	1.00	0.93	-0.63	-2.08	116	-66	174
-0.02	0.01	1.00	0.89	-0.79	-1.89	110	-62	182
-0.03	0.01	1.00	0.92	-0.76	-2.00	116	-64	178
-0.03	0.01	1.01	0.98	-0.72	-2.11	116	-64	180
-0.02	0.01	1.00	0.94	-0.78	-1.96	113	-65	179
-0.02	0.01	1.01	1.08	-0.73	-1.95	113	-67	179
-0.03	0.01	1.01	0.89	-0.66	-2.02	121	-63	179
-0.03	0.02	1.01	0.89	-0.75	-1.96	114	-60	180
-0.03	0.01	1.00	1.04	-0.79	-2.07	119	-69	177
-0.02	0.01	1.01	0.98	-0.74	-2.11	117	-63	185
-0.02	0.01	1.01	0.99	-0.68	-1.87	115	-61	181
-0.03	0.02	1.01	1.02	-0.78	-2.11	114	-66	180
-0.02	0.01	1.00	0.96	-0.80	-1.91	113	-67	177
-0.02	0.01	1.01	0.95	-0.67	-2.01	115	-63	183
-0.02	0.01	1.00	0.92	-0.75	-2.04	112	-64	182
-0.02	0.01	1.00	1.05	-0.66	-1.98	117	-63	181
-0.03	0.01	1.00	0.99	-0.96	-1.89	113	-65	179
-0.03	0.01	1.00	1.07	-0.90	-1.94	113	-61	185
-0.02	0.01	1.00	0.84	-0.84	-1.90	107	-63	177
-0.02	0.01	1.01	0.92	-0.63	-1.95	117	-67	179
-0.03	0.01	1.01	0.99	-0.76	-1.93	115	-59	183
-0.03	0.01	1.01	0.94	-0.83	-1.95	110	-66	178
-0.02	0.01	0.99	0.96	-0.79	-1.84	112	-62	178
-0.02	0.01	1.01	1.21	-0.85	-2.07	111	-63	179
-0.03	0.01	1.02	0.92	-0.62	-1.92	120	-62	186
-0.03	0.01	1.00	1.04	-0.76	-1.85	115	-65	181
-0.03	0.01	1.00	0.82	-0.65	-1.95	113	-63	177
-0.03	0.01	1.01	0.94	-0.66	-1.86	118	-66	180
-0.02	0.01	1.00	0.99	-0.59	-1.97	116	-68	180
-0.03	0.01	1.00	0.89	-0.81	-1.93	119	-65	173
-0.03	0.01	1.01	0.94	-0.75	-1.98	114	-62	182
-0.03	0.01	1.00	0.97	-0.79	-1.95	115	-63	181
-0.02	0.02	1.00	0.83	-0.72	-1.92	119	-65	179
-0.03	0.01	1.01	0.87	-0.69	-1.98	116	-66	182
-0.03	0.01	1.00	1.02	-0.76	-1.94	118	-60	182
-0.03	0.01	1.00	0.86	-0.66	-2.01	113	-63	181
-0.02	0.01	1.01	0.89	-0.72	-1.94	116	-62	180
-0.02	0.01	1.00	0.89	-0.69	-1.95	120	-62	182
-0.03	0.01	1.00	1.09	-0.79	-2.02	113	-59	179
-0.03	0.01	1.01	0.82	-0.76	-1.94	115	-67	185
-0.03	0.01	1.00	0.90	-0.79	-2.01	116	-66	186
-0.03	0.01	1.01	0.82	-0.96	-1.98	116	-66	180
-0.02	0.01	1.02	1.03	-0.76	-1.95	116	-64	176
-0.03	0.01	1.01	0.96	-0.90	-2.01	115	-65	179
-0.02	0.02	1.00	0.88	-0.69	-2.06	117	-69	181
-0.02	0.01	1.00	0.89	-0.66	-1.90	119	-65	177
-0.03	0.01	1.00	1.05	-0.71	-1.98	114	-62	176
-0.02	0.01	1.01	1.08	-0.67	-1.88	115	-67	179
-0.02	0.01	1.01	0.83	-0.79	-1.88	115	-67	183
-0.03	0.01	1.00	0.98	-0.73	-1.95	118	-62	180
-0.03	0.02	1.01	0.85	-0.66	-2.08	120	-64	182
-0.02	0.01	1.01	0.94	-0.63	-1.81	117	-57	179
-0.03	0.01	1.01	0.98	-0.69	-1.98	117	-65	179
-0.03	0.01	1.01	0.82	-0.63	-2.06	112	-66	184
-0.03	0.01	1.01	0.85	-0.73	-2.05	119	-63	179
-0.03	0.00	1.00	0.98	-0.81	-1.77	118	-70	178
-0.03	0.01	1.00	0.90	-0.72	-1.89	114	-64	182
-0.02	0.01	1.00	0.88	-0.69	-2.02	113	-69	175
-0.02	0.01	1.00	0.88	-0.66	-1.93	113	-61	183
-0.03	0.01	1.01	0.90	-0.78	-1.88	113	-65	185
-0.03	0.01	1.00	0.87	-0.80	-1.96	115	-59	179
-0.02	0.01	1.00	0.98	-0.70	-1.97	116	-66	178
-0.02	0.01	1.00	0.99	-0.72	-1.82	117	-69	179
-0.03	0.01	1.01	1.01	-0.72	-1.97	116	-66	182
-0.03	0.01	1.01	0.94	-0.75	-1.99	110	-68	182
-0.02	0.01	1.00	1.01	-0.69	-1.93	114	-68	180
-0.02	0.01	1.01	0.97	-0.66	-1.93	119	-65	179
-0.02	0.01	1.01	0.76	-0.89	-1.97	116	-66	184
-0.02	0.01	1.01	0.91	-0.83	-2.02	112	-66	178
-0.02	0.02	1.00	0.97	-0.66	-2.01	118	-62	180
-0.03	0.01	1.01	0.89	-0.83	-1.75	109	-59	183
-0.02	0.01	1.01	0.82	-0.85	-1.82	115	-63	183
-0.03	0.01	1.01	1.01	-0.77	-1.96	116	-64	178
-0.02	0.01	1.00	0.94	-0.69	-1.95	119	-59	179
-0.02	0.02	1.00	1.00	-0.76	-2.06	113	-65	181
-0.02	0.01	1.01	0.95	-0.87	-1.97	123	-65	177
-0.03	0.02	1.01	0.85	-0.76	-1.87	116	-58	180
-0.02	0.01	1.01	1.05	-0.55	-2.00	113	-61	181
-0.03	0.01	1.00	0.85	-0.79	-2.05	116	-60	182
-0.03	0.01	1.01	0.92	-0.62	-1.99	113	-67	181
-0.03	0.01	1.01	0.72	-0.77	-1.92	118	-66	176
-0.03	0.01	1.01	0.89	-0.89	-1.95	110	-68	184
-0.03	0.01	1.00	0.87	-0.88	-2.04	118	-68	182
-0.02	0.02	1.01	0.94	-0.79	-2.08	120	-60	180
-0.03	0.01	1.01	1.01	-0.67	-1.91	115	-67	179
-0.03	0.01	1.00	1.01	-0.80	-1.88	116	-68	176
-0.02	0.01	1.01	0.88	-0.82	-1.97	115	-61	181
-0.03	0.01	1.01	1.08	-0.67	-1.91	117	-67	181
-0.03	0.01	1.00	1.02	-0.79	-2.04	113	-65	181
-0.03	0.01	1.01	0.87	-0.63	-2.00	115	-63	173
-0.02	0.02	1.00	0.92	-0.75	-1.97	114	-68	178
-0.03	0.01	1.01	1.14	-0.80	-1.91	113	-61	185
-0.03	0.01	1.00	0.84	-0.61	-1.88	115	-67	173
-0.03	0.01	0.99	0.90	-0.57	-1.94	112	-64	182
-0.03	0.01	1.01	1.01	-0.95	-2.01	114	-66	176
-0.02	0.01	1.01	1.13	-0.76	-2.03	117	-67	181
-0.02	0.01	1.01	1.08	-0.66	-2.00	117	-61	181
-0.02	0.01	1.00	0.93	-0.70	-1.88	113	-65	177
-0.03	0.01	1.00	0.86	-0.76	-1.83	115	-65	181
-0.03	0.01	1.01	0.89	-0.58	-1.91	114	-62	178
-0.03	0.01	1.01	0.76	-0.76	-1.95	120	-68	180
-0.02	0.01	1.00	0.91	-0.80	-1.96	117	-63	181
-0.03	0.01	1.01	0.97	-0.69	-1.81	113	-63	177
-0.03	0.01	1.01	0.99	-0.63	-1.83	116	-66	180
-0.03	0.01	1.01	1.02	-0.67	-2.01	110	-64	176
-0.02	0.01	1.01	1.01	-0.83	-2.01	116	-60	174
-0.03	0.01	1.01	0.81	-0.67	-1.97	113	-65	181
-0.02	0.01	1.00	1.15	-0.79	-2.02	119	-69	179
-0.03	0.01	1.01	0.84	-0.77	-1.93	113	-63	177
-0.03	0.02	1.00	0.95	-0.80	-1.88	117	-61	181
-0.02	0.01	1.01	1.01	-0.74	-1.91	117	-65	177
-0.02	0.01	1.01	0.90	-0.70	-1.97	119	-63	183
-0.03	0.01	1.00	0.96	-0.66	-1.88	115	-63	179
-0.03	0.02	1.01	0.89	-0.89	-1.85	114	-62	184
-0.02	0.01	1.01	0.81	-0.74	-1.97	115	-67	181
-0.02	0.01	1.00	0.79	-0.69	-1.93	115	-65	179
-0.03	0.01	1.01	1.09	-0.70	-2.04	108	-66	180
-0.03	0.01	1.01	0.91	-0.75	-1.95	113	-59	179
-0.03	0.01	1.01	0.72	-0.71	-1.89	117	-65	173
-0.02	0.02	1.01	0.98	-0.96	-2.08	122	-64	180
-0.02	0.02	1.01	0.83	-0.85	-1.95	114	-64	180
-0.03	0.01	1.01	0.98	-0.69	-1.97	115	-65	179
-0.02	0.01	1.01	0.95	-0.93	-1.97	111	-61	175
-0.02	0.01	1.01	0.82	-0.82	-1.91	114	-62	184
-0.02	0.02	1.01	0.78	-0.67	-1.97	113	-67	181
-0.03	0.01	1.00	0.95	-0.61	-1.88	118	-64	184
-0.03	0.01	1.01	0.86	-0.65	-1.83	116	-64	180
-0.03	0.01	1.00	1.00	-0.92	-1.82	115	-61	177
-0.03	0.02	1.02	0.88	-0.81	-2.03	115	-63	181
-0.02	0.01	1.00	0.83	-0.70	-1.94	115	-61	183
-0.03	0.02	1.01	0.82	-0.79	-2.00	114	-64	182
-0.03	0.01	1.01	0.85	-0.67	-1.88	118	-64	178
-0.03	0.01	1.01	0.96	-0.64	-1.95	115	-63	179
-0.03	0.01	1.00	0.97	-0.76	-2.04	116	-68	176
-0.02	0.01	1.01	0.84	-0.67	-2.06	118	-66	184
-0.02	0.01	1.01	0.92	-0.77	-1.85	113	-61	177
-0.03	0.01	1.01	0.91	-0.63	-1.90	111	-63	181
-0.03	0.01	0.99	1.03	-0.78	-2.02	112	-64	182
-0.02	0.01	1.01	1.05	-0.77	-2.07	112	-64	180
-0.03	0.01	1.00	1.03	-0.79	-1.99	111	-67	177
-0.02	0.02	1.00	0.78	-0.72	-1.91	115	-65	179
-0.03	0.01	1.01	0.92	-0.65	-1.91	117	-63	179
-0.03	0.01	1.00	0.92	-0.62	-1.98	116	-66	180
-0.03	0.01	1.01	0.90	-0.68	-2.04	115	-67	183
-0.02	0.01	1.00	0.79	-0.76	-1.91	115	-65	185
-0.03	0.01	1.01	0.92	-0.83	-1.98	115	-67	179
-0.02	0.01	1.01	0.95	-0.79	-1.97	115	-59	181
-0.03	0.01	1.00	0.89	-0.68	-1.86	117	-69	175
-0.03	0.01	1.00	0.72	-0.65	-1.87	114	-64	182
-0.02	0.02	1.02	0.88	-0.63	-2.00	114	-62	180
-0.03	0.01	1.01	0.89	-0.82	-2.01	119	-65	179
-0.02	0.02	1.00	0.99	-0.89	-1.94	115	-65	177
-0.03	0.01	1.01	0.90	-0.64	-1.99	115	-67	181
-0.02	0.01	1.00	0.71	-0.71	-1.95	116	-64	178
-0.03	0.02	1.01	0.98	-0.84	-1.94	116	-64	178
-0.02	0.01	1.00	0.76	-0.79	-1.98	116	-68	178
-0.02	0.01	1.00	0.89	-0.79	-2.01	114	-64	184
-0.03	0.01	1.00	0.83	-0.72	-1.88	116	-60	178
-0.03	0.01	1.01	0.95	-0.69	-1.90	123	-61	185
-0.02	0.01	1.01	0.88	-0.74	-1.85	115	-61	179
-0.02	0.01	1.01	0.97	-0.69	-1.96	120	-64	176
-0.02	0.01	1.01	0.68	-0.63	-1.98	116	-60	180
-0.03	0.01	1.00	0.95	-0.83	-1.98	114	-64	176
-0.03	0.01	1.00	0.81	-0.59	-1.95	112	-62	184
-0.02	0.01	1.01	0.97	-0.77	-2.01	115	-65	181
-0.02	0.01	1.00	0.99	-0.63	-1.88	116	-66	178
-0.03	0.01	1.01	0.90	-0.76	-1.88	117	-57	179
-0.03	0.01	1.00	0.88	-0.76	-1.87	114	-64	180
-0.02	0.01	1.01	0.86	-0.62	-1.96	118	-66	180
-0.03	0.01	1.00	0.96	-0.63	-2.04	115	-63	177
-0.03	0.02	1.00	0.95	-0.63	-1.89	118	-66	178
-0.03	0.01	1.01	0.95	-0.83	-2.01	118	-64	180
-0.03	0.01	1.01	0.85	-0.60	-1.97	107	-63	185
-0.03	0.01	1.00	0.77	-0.77	-2.12	112	-64	182
-0.03	0.01	1.00	0.83	-0.73	-1.92	112	-70	174
-0.02	0.01	1.00	0.99	-0.67	-1.98	112	-62	180
-0.02	0.01	1.00	0.85	-0.86	-1.84	116	-62	178
-0.03	0.01	1.00	0.81	-0.66	-2.04	117	-63	181
-0.02	0.01	1.01	0.96	-0.90	-1.90	110	-60	182
-0.02	0.01	1.01	0.87	-0.86	-1.94	117	-65	177
-0.02	0.01	1.01	0.95	-0.64	-2.01	116	-64	180
-0.02	0.02	1.02	0.90	-0.82	-2.06	117	-69	179
-0.03	0.01	1.00	1.01	-0.93	-1.83	117	-65	185
-0.02	0.00	1.00	0.74	-0.90	-1.91	118	-70	180
-0.03	0.01	1.00	1.01	-0.79	-1.95	120	-64	180
-0.02	0.01	1.00	0.89	-0.76	-1.98	114	-70	174
-0.03	0.01	1.00	0.98	-0.81	-1.97	113	-65	185
-0.02	0.01	1.02	0.85	-0.78	-1.99	118	-64	178
-0.03	0.01	1.00	0.76	-0.91	-1.93	116	-66	180
-0.03	0.02	1.00	0.91	-0.87	-1.96	116	-68	182
-0.02	0.01	1.01	0.79	-0.95	-1.90	117	-61	181
-0.02	0.02	1.00	0.92	-0.72	-1.78	115	-67	187
-0.03	0.02	1.01	1.21	-0.70	-1.79	113	-59	179
-0.03	0.01	1.00	0.83	-0.72	-1.94	114	-64	178
-0.03	0.01	1.01	0.95	-0.67	-2.02	110	-64	180
-0.03	0.01	1.00	0.81	-0.71	-1.93	111	-69	179
-0.02	0.01	1.01	0.84	-0.80	-2.05	117	-67	183
-0.03	0.01	1.01	0.98	-0.84	-1.94	119	-63	179
-0.02	0.01	1.01	0.95	-0.76	-1.90	118	-64	180
-0.03	0.01	1.00	1.11	-0.92	-2.01	112	-60	182
-0.02	0.01	1.01	0.95	-0.68	-1.98	114	-62	182
-0.02	0.02	1.02	0.98	-0.62	-1.88	115	-67	175
-0.03	0.01	1.01	0.83	-0.81	-1.87	119	-63	183
-0.03	0.02	1.01	0.97	-0.66	-1.94	111	-63	179
-0.03	0.01	1.00	0.97	-0.70	-1.93	115	-65	183
-0.02	0.01	1.01	0.91	-0.56	-1.93	118	-64	184
-0.03	0.01	1.00	0.92	-0.69	-1.88	120	-64	176
-0.03	0.01	1.01	0.74	-0.60	-1.88	118	-62	176
-0.02	0.01	1.01	1.14	-0.97	-1.96	113	-63	179
-0.02	0.01	1.00	0.85	-0.81	-1.87	120	-66	178
-0.02	0.02	1.01	1.01	-0.92	-1.94	122	-64	182
-0.02	0.01	1.01	0.92	-0.68	-2.00	116	-66	182
-0.03	0.01	1.01	0.76	-0.75	-1.89	113	-63	183
-0.03	0.01	1.01	1.05	-0.77	-1.91	111	-65	185
-0.02	0.01	1.00	0.94	-0.76	-1.88	119	-65	181
-0.02	0.01	1.01	1.08	-0.84	-1.85	115	-57	179
-0.02	0.02	1.01	0.97	-1.02	-1.95	110	-64	176
-0.02	0.01	1.01	0.82	-0.64	-1.95	113	-61	183
-0.03	0.01	1.00	0.84	-0.46	-2.07	117	-63	179
-0.02	0.02	1.00	0.65	-0.61	-1.85	117	-63	181
-0.03	0.01	1.00	0.72	-0.49	-1.86	114	-64	178
-0.02	0.01	1.01	0.90	-0.60	-1.98	117	-65	177
-0.02	0.02	1.00	1.05	-0.67	-1.97	120	-66	176
-0.03	0.02	1.00	1.03	-0.82	-1.95	116	-62	180
-0.02	0.01	1.01	1.21	-0.99	-1.97	120	-68	178
-0.03	0.00	1.00	0.79	-0.79	-2.08	120	-62	178
-0.02	0.01	1.00	1.01	-0.69	-1.91	115	-67	179
-0.03	0.01	1.01	0.78	-0.72	-1.99	114	-64	182
-0.02	0.02	1.00	0.72	-0.72	-1.85	113	-63	181
-0.02	0.02	1.01	0.83	-0.72	-1.98	112	-60	180
-0.02	0.01	1.00	0.85	-0.76	-1.81	116	-64	182
-0.02	0.01	1.00	0.83	-0.92	-1.85	117	-67	183
-0.02	0.01	1.01	1.30	-0.99	-1.95	112	-66	180
-0.03	0.01	1.01	1.01	-1.01	-2.02	114	-62	182
-0.02	0.01	1.00	0.93	-0.85	-1.90	113	-63	177
-0.02	0.01	1.01	0.86	-0.83	-1.84	114	-64	180
-0.02	0.02	1.01	1.02	-0.73	-1.90	120	-62	174
-0.02	0.01	1.00	0.75	-0.73	-1.96	114	-70	178
-0.03	0.01	1.01	0.95	-0.80	-1.83	117	-69	179
-0.02	0.01	1.01	0.92	-0.74	-1.95	116	-64	176
-0.03	0.01	1.01	0.83	-0.69	-1.78	118	-64	178
-0.03	0.01	1.01	0.93	-0.70	-2.06	113	-69	175
-0.03	0.01	1.01	0.81	-0.79	-1.89	118	-64	176
-0.03	0.01	1.01	0.95	-0.69	-1.95	119	-63	175
-0.03	0.01	1.01	0.98	-0.63	-1.89	113	-65	183
-0.03	0.01	1.01	1.21	-0.76	-2.09	111	-67	179
-0.03	0.01	1.00	1.01	-0.78	-1.78	121	-63	179
-0.03	0.01	1.01	0.83	-0.89	-1.99	120	-62	178
-0.02	0.01	1.00	0.98	-0.62	-2.00	114	-62	182
-0.02	0.01	1.01	0.98	-0.72	-1.93	117	-63	179
-0.03	0.01	1.01	0.72	-0.64	-2.03	117	-71	175
-0.03	0.02	1.01	1.09	-0.68	-1.98	117	-67	183
-0.02	0.01	1.00	0.89	-0.77	-1.91	118	-62	184
-0.03	0.02	1.01	0.89	-0.74	-1.95	118	-70	180
-0.02	0.02	1.00	0.96	-0.89	-1.84	123	-65	175
-0.03	0.02	1.01	1.01	-0.81	-1.96	121	-63	179
-0.02	0.01	1.00	0.85	-0.67	-2.03	115	-59	183
-0.02	0.01	1.00	0.91	-0.78	-1.93	113	-61	177
-0.03	0.01	1.01	0.87	-0.91	-2.07	111	-61	183
-0.03	0.02	1.00	0.80	-0.76	-2.01	117	-65	177
-0.03	0.01	1.01	1.01	-0.53	-1.96	115	-65	181
-0.03	0.00	1.01	1.00	-0.66	-1.83	112	-64	182
-0.02	0.01	1.01	0.89	-0.65	-1.97	116	-64	182
-0.03	0.01	1.00	0.90	-0.84	-1.98	112	-64	182
-0.02	0.01	1.00	0.82	-0.69	-2.06	119	-71	177
-0.02	0.01	1.01	0.92	-0.60	-1.99	117	-63	171
-0.02	0.02	1.00	1.01	-0.82	-1.94	115	-63	181
-0.02	0.01	1.01	0.93	-0.69	-1.96	114	-64	178
-0.03	0.01	1.00	0.89	-0.70	-1.93	117	-67	177
-0.03	0.01	1.00	0.93	-0.80	-1.88	112	-62	180
-0.02	0.01	1.01	1.01	-0.88	-1.88	111	-63	183
-0.03	0.01	1.01	1.01	-0.76	-1.94	114	-64	178
-0.02	0.01	1.01	0.85	-0.81	-1.88	109	-63	181
-0.03	0.01	1.01	0.82	-0.73	-1.92	115	-65	177
-0.03	0.01	1.00	0.82	-0.56	-1.98	113	-61	179
-0.03	0.01	1.00	0.98	-0.82	-1.95	115	-67	181
-0.03	0.01	1.00	0.76	-0.77	-2.01	117	-61	183
-0.02	0.01	1.00	1.01	-0.85	-1.87	117	-59	175
-0.03	0.01	1.01	0.92	-0.72	-1.96	119	-65	179
-0.03	0.01	1.01	1.03	-0.80	-2.10	118	-64	180
-0.02	0.01	1.01	0.82	-0.72	-2.11	116	-66	184
-0.03	0.02	1.00	1.11	-0.94	-2.00	116	-70	180
-0.02	0.01	1.00	1.13	-0.76	-1.91	117	-65	181
-0.03	0.02	1.00	0.98	-0.84	-2.00	118	-58	180
-0.02	0.01	1.01	0.95	-0.76	-2.02	113	-61	179
-0.02	0.01	1.00	1.19	-0.99	-1.99	115	-69	177
-0.03	0.01	0.99	0.98	-0.78	-1.98	114	-64	184
-0.03	0.01	1.00	1.24	-0.76	-1.98	114	-62	182
-0.03	0.02	1.00	0.95	-0.79	-1.88	115	-61	179
-0.03	0.01	1.01	0.96	-0.58	-2.04	120	-64	180
-0.03	0.01	1.01	0.83	-0.64	-1.94	114	-60	180
-0.03	0.01	1.00	0.82	-0.75	-1.85	114	-66	178
-0.03	0.01	1.01	0.92	-0.46	-1.84	123	-61	181
-0.04	0.01	1.01	0.79	-0.80	-1.98	116	-66	178
-0.03	0.01	1.01	0.96	-0.66	-1.91	112	-60	176
-0.03	0.02	1.00	0.94	-0.62	-1.88	111	-67	175
-0.02	0.01	1.00	1.08	-0.69	-2.00	117	-63	179
-0.03	0.01	1.01	1.11	-0.76	-1.86	119	-69	183
-0.02	0.01	1.01	1.01	-0.63	-1.98	111	-69	181
-0.03	0.01	1.00	1.01	-0.67	-2.04	116	-68	182
-0.03	0.01	1.00	0.75	-0.94	-1.94	114	-62	176
-0.02	0.01	1.01	1.24	-0.69	-1.88	115	-65	181
-0.02	0.02	1.01	0.80	-0.81	-2.01	118	-66	184
-0.03	0.02	1.00	0.96	-0.70	-1.91	114	-62	176
-0.03	0.01	1.00	0.91	-0.77	-2.07	117	-61	179
-0.02	0.01	1.00	0.92	-0.69	-2.04	117	-63	183
-0.02	0.01	1.00	1.02	-0.72	-1.82	120	-66	176
-0.03	0.01	1.01	0.94	-0.68	-2.02	120	-68	184
-0.03	0.01	1.01	0.97	-0.66	-2.02	113	-69	177
-0.03	0.01	1.00	0.85	-0.71	-1.99	119	-65	185
-0.02	0.01	1.02	0.85	-0.80	-1.92	113	-69	183
-0.02	0.01	1.01	0.95	-0.94	-1.98	115	-63	177
-0.02	0.01	1.01	0.88	-0.68	-1.98	118	-68	180
-0.03	0.01	1.01	0.82	-0.81	-1.98	118	-64	178
-0.03	0.01	1.01	0.96	-0.79	-1.97	120	-64	180
-0.02	0.01	1.00	1.03	-0.73	-1.96	114	-62	182
-0.02	0.01	1.01	1.05	-0.78	-1.78	117	-65	181
-0.03	0.01	1.00	1.04	-0.93	-2.02	116	-64	182
-0.02	0.01	1.01	1.07	-0.86	-1.99	121	-63	181
-0.03	0.01	1.01	0.90	-0.89	-1.87	116	-66	178
-0.02	0.02	1.01	0.83	-0.71	-1.98	115	-69	175
-0.02	0.01	1.00	1.02	-0.72	-1.84	117	-63	179
-0.02	0.01	1.01	1.19	-0.98	-1.80	112	-62	178
-0.03	0.01	1.00	0.87	-0.71	-1.85	115	-67	177
-0.03	0.01	1.01	0.73	-0.32	-1.81	115	-63	177
-0.03	0.01	0.99	0.91	-0.31	-2.01	115	-65	179
-0.01	0.01	0.99	0.63	-0.79	-1.93	111	-63	181
-0.02	0.01	1.01	1.17	-0.73	-1.97	116	-64	182
-0.03	0.01	1.01	0.69	-0.87	-2.09	112	-60	182
-0.03	0.01	1.00	0.99	-0.82	-1.98	117	-57	187
-0.03	0.02	1.00	1.11	-0.71	-2.01	115	-61	181
-0.03	0.02	1.00	0.85	-0.82	-2.04	114	-66	180
-0.02	0.01	1.01	1.01	-0.74	-1.96	117	-63	181
-0.03	0.01	1.00	0.87	-0.88	-1.91	112	-58	180
-0.03	0.01	1.01	0.92	-0.57	-1.87	114	-70	180
-0.02	0.01	1.00	0.89	-0.80	-1.89	116	-62	176
-0.03	0.02	1.01	0.85	-0.79	-1.90	112	-60	180
-0.03	0.01	1.01	0.83	-0.61	-1.98	115	-59	181
-0.03	0.01	1.01	0.93	-0.75	-1.91	117	-65	175
-0.03	0.02	1.01	0.93	-0.69	-1.92	111	-59	181
-0.02	0.01	1.01	0.98	-0.81	-2.03	118	-68	174
-0.03	0.01	1.01	0.90	-0.89	-1.97	115	-67	183
-0.03	0.01	1.00	1.13	-0.85	-1.96	118	-64	176
-0.03	0.02	1.00	1.03	-0.72	-1.98	120	-58	186
-0.03	0.01	1.01	1.16	-1.04	-1.91	111	-69	179
-0.02	0.01	1.01	0.98	-0.83	-1.85	121	-67	177
-0.03	0.01	1.00	0.82	-0.66	-1.91	116	-70	178
-0.03	0.01	1.00	0.67	-0.68	-1.83	118	-66	180
-0.02	0.01	1.01	0.82	-0.70	-1.94	120	-64	180
-0.02	0.01	1.00	0.85	-0.85	-1.84	117	-67	179
-0.03	0.01	1.01	1.11	-0.72	-2.00	116	-68	180
-0.03	0.01	1.01	0.91	-0.56	-1.94	113	-65	177
-0.03	0.01	1.00	0.89	-0.61	-1.90	114	-62	180
-0.03	0.01	1.00	1.03	-0.86	-2.05	115	-63	181
-0.03	0.01	1.01	0.75	-0.72	-1.98	120	-60	182
-0.03	0.01	1.01	0.98	-0.69	-2.09	118	-66	182
-0.03	0.01	1.01	1.03	-0.75	-1.95	112	-66	176
-0.03	0.02	1.01	1.01	-0.70	-1.91	114	-62	180
-0.03	0.01	1.02	1.14	-0.74	-1.97	117	-63	179
-0.03	0.02	1.01	1.03	-0.70	-1.98	115	-63	183
-0.02	0.01	1.01	0.92	-0.76	-2.04	117	-71	183
-0.02	0.01	1.01	1.02	-0.77	-1.95	118	-60	180
-0.03	0.01	1.00	1.03	-0.76	-1.85	116	-68	180
-0.03	0.01	1.01	0.82	-0.81	-1.79	114	-64	176
-0.02	0.01	1.01	0.76	-0.80	-1.79	116	-66	178
-0.02	0.01	1.00	1.04	-0.87	-1.98	120	-64	184
-0.03	0.01	1.01	0.95	-0.76	-2.02	116	-64	178
-0.02	0.01	1.01	0.92	-0.82	-1.77	112	-68	184
-0.02	0.01	1.01	0.85	-0.65	-2.01	110	-64	180
-0.02	0.01	1.01	0.68	-0.80	-1.93	117	-65	181
-0.02	0.01	1.01	0.90	-0.73	-1.74	116	-62	180
-0.03	0.01	1.00	0.87	-0.59	-1.86	122	-68	184
-0.03	0.01	1.00	0.97	-0.78	-1.86	117	-67	183
-0.03	0.01	1.00	0.79	-0.80	-1.94	114	-62	176
-0.02	0.01	1.00	1.14	-0.83	-1.87	115	-65	181
-0.03	0.01	1.00	0.98	-0.61	-1.90	116	-68	182
-0.03	0.01	1.00	0.78	-0.70	-1.95	111	-65	179
-0.03	0.01	1.01	0.87	-0.89	-1.97	112	-60	178
-0.03	0.01	1.00	0.68	-0.85	-1.88	113	-69	179
-0.03	0.01	1.01	0.65	-0.85	-1.76	116	-68	180
-0.03	0.01	1.01	1.03	-0.70	-2.03	119	-63	177
-0.03	0.01	1.00	0.90	-0.72	-1.87	118	-66	182
-0.03	0.01	1.01	1.14	-0.69	-1.86	117	-65	183
-0.03	0.01	1.00	0.82	-0.69	-2.02	116	-66	184
-0.03	0.01	1.01	0.88	-0.69	-1.94	115	-63	181
-0.03	0.01	1.00	0.63	-0.86	-1.97	114	-66	184
-0.03	0.02	1.01	0.89	-0.65	-1.94	111	-63	179
-0.02	0.01	1.01	0.84	-0.78	-2.01	119	-63	175
-0.03	0.01	1.01	0.91	-0.62	-2.04	115	-67	175
-0.03	0.01	1.01	0.85	-0.84	-1.98	117	-67	183
-0.03	0.00	1.01	0.82	-0.84	-1.98	115	-65	181
-0.02	0.01	1.01	0.86	-0.87	-1.90	116	-66	174
-0.03	0.01	1.00	1.07	-0.51	-2.01	121	-63	179
-0.03	0.01	1.01	1.06	-0.74	-1.98	116	-70	176
-0.03	0.01	1.00	1.05	-0.77	-1.82	116	-66	184
-0.03	0.01	1.01	0.95	-0.82	-1.95	116	-62	178
-0.03	0.01	1.01	1.13	-0.87	-1.97	116	-64	180
-0.03	0.02	1.01	0.95	-0.70	-1.93	116	-68	176
-0.03	0.01	1.01	1.14	-0.63	-2.00	114	-66	184
-0.03	0.01	1.01	0.92	-0.72	-1.99	117	-69	183
-0.03	0.01	1.01	1.02	-0.92	-1.98	116	-62	178
-0.03	0.01	1.01	0.98	-0.69	-2.02	113	-63	181
-0.03	0.01	1.01	0.92	-0.85	-2.01	115	-59	179
-0.03	0.01	1.01	1.04	-0.66	-1.82	117	-67	181
-0.03	0.01	1.01	0.99	-0.84	-1.84	119	-63	181
-0.02	0.01	1.01	1.08	-0.82	-1.99	114	-62	184
-0.03	0.01	1.00	0.79	-0.89	-1.86	113	-63	177
-0.02	0.01	1.01	0.98	-0.72	-1.98	117	-63	179
-0.02	0.00	1.01	0.89	-0.76	-2.02	115	-65	181
-0.03	0.01	1.00	0.82	-0.80	-1.81	117	-61	185
-0.02	0.01	1.00	0.99	-0.65	-1.96	115	-67	183
-0.02	0.01	1.00	1.08	-0.92	-1.81	116	-60	184
-0.03	0.01	1.01	0.97	-0.69	-1.97	114	-64	178
-0.02	0.01	1.00	0.67	-0.85	-1.89	115	-67	179
-0.03	0.01	1.01	0.92	-0.74	-1.92	116	-64	178
-0.02	0.01	1.01	0.89	-0.76	-1.99	114	-68	172
-0.02	0.01	1.00	0.92	-0.74	-1.99	111	-69	179
-0.02	0.01	1.00	0.84	-0.79	-1.84	114	-60	180
-0.02	0.01	1.01	1.05	-0.78	-1.98	116	-64	184
-0.02	0.01	1.01	0.90	-0.89	-2.04	115	-67	181
-0.03	0.01	1.01	0.95	-0.87	-1.88	117	-61	177
-0.02	0.01	1.01	0.82	-0.82	-1.88	111	-61	181
-0.03	0.02	1.00	0.98	-0.78	-2.01	113	-63	177
-0.03	0.01	1.00	1.01	-0.69	-1.91	121	-67	179
-0.03	0.01	1.00	0.78	-0.67	-1.92	115	-65	179
-0.02	0.01	1.01	0.97	-0.78	-1.96	119	-69	179
-0.03	0.01	1.01	1.05	-0.82	-1.90	119	-63	183
-0.03	0.01	1.00	0.95	-0.92	-1.91	114	-64	182
-0.02	0.01	1.01	0.78	-0.69	-1.98	116	-68	180
-0.02	0.01	1.00	0.85	-0.62	-1.94	120	-64	180
-0.03	0.02	1.01	0.95	-0.82	-1.95	118	-62	180
-0.03	0.01	1.01	0.81	-0.77	-2.02	115	-63	177
-0.03	0.01	1.00	0.82	-0.76	-2.08	118	-68	180
-0.03	0.01	1.01	0.85	-0.58	-1.93	118	-66	180
-0.03	0.01	1.01	0.72	-0.67	-1.96	116	-66	178
-0.02	0.01	1.01	0.90	-0.76	-1.82	118	-72	180
-0.02	0.02	1.00	0.82	-0.63	-1.82	123	-67	175
-0.02	0.02	1.00	0.98	-0.71	-1.97	111	-65	179
-0.02	0.01	1.01	0.83	-0.75	-1.94	116	-60	182
-0.03	0.01	1.00	0.92	-0.86	-1.95	116	-64	182
-0.03	0.02	1.01	0.89	-0.81	-1.93	114	-62	176
-0.03	0.00	1.00	0.98	-0.76	-1.89	112	-62	178
-0.03	0.01	1.00	0.98	-0.81	-1.97	113	-65	181
-0.02	0.02	1.00	0.74	-0.74	-2.02	121	-63	179
-0.02	0.01	1.00	1.05	-0.63	-1.91	115	-63	185
-0.03	0.01	1.00	0.89	-0.66	-2.04	115	-65	181
-0.02	0.01	1.01	0.94	-0.71	-2.04	116	-66	186
-0.03	0.01	1.01	0.75	-0.91	-1.96	117	-61	185
-0.02	0.02	1.01	1.03	-0.76	-2.01	113	-63	185
-0.03	0.01	1.00	1.01	-0.94	-1.85	111	-63	181
-0.03	0.01	1.01	1.13	-0.76	-1.87	118	-62	186
-0.02	0.01	1.00	1.09	-0.79	-1.89	113	-67	179
-0.03	0.01	1.01	0.79	-0.73	-1.82	116	-64	182
-0.03	0.00	1.01	0.88	-0.70	-1.93	114	-62	180
-0.03	0.01	1.01	0.70	-0.53	-1.97	115	-65	175
-0.03	0.01	1.01	0.79	-0.71	-1.85	121	-61	183
-0.03	0.01	1.01	0.96	-0.72	-1.96	119	-67	177
-0.02	0.01	1.01	0.90	-0.63	-1.97	114	-68	174
-0.02	0.02	1.00	0.89	-0.71	-1.89	114	-58	184
-0.03	0.01	1.00	0.98	-0.71	-1.92	117	-69	179
-0.02	0.01	1.00	0.92	-0.92	-1.95	116	-66	178
-0.02	0.01	1.00	0.72	-0.74	-1.91	116	-68	176
-0.03	0.00	1.00	0.87	-0.89	-2.08	120	-66	178
-0.03	0.01	1.00	0.98	-0.81	-1.93	118	-66	182
-0.02	0.01	1.01	1.01	-0.72	-2.01	115	-63	175
-0.02	0.01	1.00	0.95	-0.75	-1.93	111	-67	181
-0.02	0.01	1.01	0.76	-0.71	-1.99	117	-65	179
-0.03	0.01	1.00	0.92	-0.72	-1.88	120	-64	186
-0.02	0.01	1.01	1.01	-0.83	-1.97	115	-63	175
-0.02	0.01	1.00	0.92	-0.71	-1.85	118	-64	184
-0.03	0.01	1.01	0.97	-0.70	-2.00	116	-70	176
-0.02	0.01	1.00	0.98	-0.71	-1.86	118	-66	178
-0.02	0.01	1.00	1.05	-0.67	-1.93	117	-67	181
-0.02	0.01	1.01	1.09	-0.60	-2.00	111	-71	183
-0.03	0.01	1.00	1.02	-0.91	-2.08	117	-67	183
-0.03	0.01	1.00	0.81	-0.83	-1.95	116	-64	178
-0.02	0.01	1.00	0.90	-0.74	-1.96	115	-63	179
-0.02	0.01	1.00	0.85	-0.80	-1.82	114	-66	184
-0.03	0.01	1.00	0.85	-0.90	-1.82	116	-64	184
-0.02	0.01	1.00	0.93	-0.92	-1.97	115	-65	181
-0.02	0.01	1.00	0.93	-0.79	-1.80	108	-70	172
-0.02	0.01	1.01	0.80	-0.66	-1.93	111	-65	183
-0.02	0.01	1.01	1.06	-0.84	-1.79	118	-64	180
-0.03	0.01	1.00	0.83	-0.69	-1.87	117	-67	181
-0.02	0.01	1.00	1.01	-0.88	-2.02	113	-65	181
-0.03	0.01	1.00	0.95	-0.81	-1.90	108	-68	182
-0.03	0.01	1.00	1.04	-0.63	-1.82	116	-68	180
-0.03	0.01	1.00	0.92	-0.64	-1.98	117	-65	177
-0.03	0.01	1.01	0.97	-0.56	-1.85	115	-67	179
-0.03	0.01	1.01	0.89	-0.61	-1.95	114	-62	182
-0.02	0.01	1.01	0.89	-0.72	-1.89	114	-68	180
-0.02	0.01	1.01	1.08	-0.71	-1.89	116	-64	184
-0.03	0.01	1.00	0.96	-0.96	-2.06	114	-68	180
-0.02	0.01	1.01	0.85	-0.79	-1.92	122	-64	178
-0.03	0.01	1.00	0.81	-0.71	-1.95	115	-61	183
-0.02	0.01	1.01	0.93	-0.77	-2.06	114	-64	178
-0.03	0.01	1.00	1.07	-0.72	-1.86	111	-63	179
-0.03	0.02	1.00	0.78	-0.63	-1.99	117	-69	179
-0.03	0.01	1.00	0.81	-0.89	-2.11	121	-65	179
-0.03	0.01	1.00	0.93	-0.63	-1.83	112	-62	182
-0.03	0.01	1.00	0.85	-0.76	-1.98	115	-65	185
-0.02	0.01	1.01	0.82	-0.89	-1.98	116	-64	184
-0.03	0.01	1.00	0.97	-0.68	-2.05	119	-61	179
-0.03	0.01	1.01	0.78	-0.82	-1.95	115	-61	183
-0.03	0.01	1.01	0.76	-0.69	-1.91	117	-65	179
-0.02	0.01	1.00	0.88	-0.89	-1.97	120	-68	180
-0.03	0.01	1.00	0.97	-0.77	-2.01	116	-68	184
-0.03	0.01	1.02	0.95	-0.83	-1.80	115	-67	179
-0.02	0.01	1.01	1.06	-0.76	-2.01	119	-67	179
-0.03	0.01	1.01	1.00	-0.82	-1.97	113	-69	183
-0.02	0.01	1.00	0.99	-0.77	-1.92	115	-63	179
-0.03	0.02	1.01	0.91	-0.79	-2.04	115	-67	185
-0.02	0.01	1.01	0.95	-0.69	-2.06	120	-66	176
-0.03	0.00	1.00	0.89	-0.58	-2.05	118	-68	180
-0.03	0.01	1.01	0.97	-0.63	-1.97	113	-61	181
-0.02	0.02	1.00	0.99	-0.68	-1.90	118	-64	180
-0.03	0.01	1.00	0.63	-0.60	-1.97	119	-65	185
-0.02	0.01	1.00	0.67	-0.64	-2.04	117	-65	175
-0.03	0.02	1.01	0.81	-0.82	-1.86	111	-65	183
-0.02	0.01	1.00	0.75	-0.70	-2.04	116	-66	180
-0.03	0.01	1.00	0.99	-0.70	-1.95	120	-62	184
-0.03	0.01	1.00	0.86	-0.69	-1.89	112	-62	178
-0.03	0.01	1.00	0.92	-0.60	-2.01	111	-61	177
-0.02	0.01	1.01	1.16	-0.81	-1.95	113	-63	179
-0.03	0.01	1.00	0.92	-0.56	-1.93	113	-63	175
-0.03	0.01	0.99	1.10	-0.82	-1.92	116	-68	182
-0.03	0.01	1.00	1.07	-0.79	-1.95	118	-66	178
-0.03	0.01	1.00	0.85	-0.72	-2.04	111	-63	181
-0.03	0.01	1.01	1.01	-0.74	-2.11	113	-63	179
-0.03	0.01	1.00	1.01	-0.71	-1.96	114	-64	178
-0.03	0.00	1.00	0.95	-0.88	-1.85	118	-66	176
-0.03	0.01	1.01	1.19	-0.92	-1.90	119	-63	177
-0.02	0.02	1.00	0.84	-0.69	-1.95	125	-65	175
-0.02	0.01	1.00	0.93	-0.93	-1.87	117	-59	175
-0.03	0.01	1.01	0.95	-0.83	-1.96	115	-59	183
-0.02	0.01	1.00	0.77	-0.73	-2.06	112	-66	176
-0.03	0.01	1.01	0.83	-0.71	-1.99	117	-61	177
-0.03	0.01	1.01	0.88	-0.66	-1.89	113	-65	179
-0.03	0.01	1.00	0.95	-0.72	-1.95	116	-62	178
-0.03	0.01	1.00	0.85	-0.78	-1.79	118	-66	184
-0.04	0.02	1.01	1.06	-0.79	-1.85	117	-67	175
-0.02	0.01	1.01	1.00	-0.69	-1.78	119	-67	177
-0.03	0.01	1.01	0.93	-0.74	-1.85	118	-72	178
-0.02	0.01	1.00	0.97	-0.66	-1.98	114	-62	182
-0.03	0.01	1.00	0.75	-0.69	-2.01	114	-62	188
-0.03	0.01	1.00	0.86	-0.70	-1.97	112	-66	180
-0.02	0.01	1.01	0.99	-0.79	-1.96	118	-62	178
-0.03	0.02	1.01	0.87	-0.56	-1.78	112	-60	180
-0.03	0.01	1.00	0.91	-0.76	-1.95	117	-71	179
-0.03	0.02	1.00	0.80	-0.75	-1.93	116	-68	176
-0.03	0.01	1.00	0.72	-0.98	-2.10	119	-65	179
-0.02	0.01	1.01	0.82	-0.88	-2.01	115	-65	181
-0.03	0.01	1.00	0.95	-0.77	-1.98	116	-66	172
-0.03	0.01	1.01	0.82	-0.70	-2.02	114	-64	180
-0.03	0.01	1.00	0.94	-0.75	-2.04	114	-62	180
-0.03	0.01	1.00	0.92	-0.76	-1.85	114	-64	182
-0.03	0.01	1.00	0.85	-0.85	-1.95	117	-61	183
-0.02	0.01	1.01	0.91	-0.78	-1.97	115	-63	177
-0.02	0.01	1.01	0.92	-0.76	-1.86	124	-68	182
-0.02	0.01	1.01	1.13	-0.82	-1.88	110	-68	186
-0.03	0.01	1.00	1.02	-0.95	-1.93	119	-65	177
-0.03	0.01	1.00	1.05	-0.83	-1.89	114	-62	182
-0.02	0.01	1.01	1.08	-0.76	-1.98	114	-62	182
-0.03	0.01	1.01	0.92	-0.86	-1.96	115	-65	179
-0.02	0.01	1.01	1.08	-0.95	-1.88	119	-61	177
-0.02	0.02	1.01	1.03	-0.64	-1.89	117	-67	177
-0.02	0.01	1.00	0.92	-0.72	-1.99	119	-65	179
-0.02	0.01	1.00	0.90	-0.79	-1.89	108	-68	178
-0.03	0.01	1.01	1.09	-0.78	-1.87	121	-69	185
-0.03	0.01	1.01	0.85	-0.78	-2.06	111	-67	181
-0.03	0.00	1.00	0.92	-0.85	-2.01	119	-67	179
-0.03	0.01	1.00	0.90	-0.72	-1.89	117	-65	175
-0.03	0.01	1.00	1.15	-0.69	-1.86	114	-64	174
-0.03	0.01	1.00	0.96	-0.68	-1.98	113	-63	183
-0.03	0.01	1.00	0.98	-0.72	-1.98	118	-66	182
-0.02	0.01	1.01	0.95	-0.78	-1.84	117	-59	181
-0.03	0.02	1.00	0.88	-0.69	-1.89	113	-63	177
-0.03	0.01	1.01	0.99	-0.76	-1.83	112	-66	180
-0.03	0.01	1.01	0.86	-0.60	-2.01	115	-67	175
-0.03	0.01	1.00	0.77	-0.56	-2.01	110	-64	186
-0.03	0.02	0.99	0.69	-0.81	-1.84	117	-69	179
-0.03	0.02	1.01	0.95	-0.82	-1.89	113	-63	179
-0.03	0.02	1.01	1.00	-0.96	-1.87	116	-60	176
-0.02	0.01	1.01	1.15	-1.13	-1.95	118	-66	180
-0.03	0.02	1.01	1.11	-1.06	-1.88	116	-70	178
-0.03	0.02	1.00	1.12	-1.08	-2.01	113	-63	179
-0.02	0.01	1.01	1.15	-0.94	-2.01	110	-66	182
-0.03	0.01	1.01	1.17	-0.95	-1.92	119	-63	181
-0.03	0.01	1.00	0.95	-0.85	-1.94	120	-64	180
-0.02	0.01	1.01	1.05	-0.79	-1.93	113	-63	181
-0.03	0.01	1.00	0.92	-0.73	-1.94	116	-68	180
-0.02	0.01	1.00	0.79	-0.82	-1.87	113	-67	179
-0.03	0.01	1.01	0.71	-0.91	-1.87	116	-62	180
-0.03	0.01	1.02	0.69	-0.60	-2.00	116	-64	184
-0.03	0.02	1.01	0.98	-0.66	-2.01	117	-69	183
-0.03	0.01	1.00	0.87	-0.71	-1.85	112	-60	176
-0.03	0.01	1.00	1.01	-0.93	-2.02	116	-62	178
-0.03	0.01	1.01	0.98	-0.80	-1.98	116	-64	180
-0.03	0.01	1.00	1.05	-0.77	-2.01	120	-64	182
-0.02	0.01	1.00	0.93	-0.72	-1.99	111	-63	181
-0.02	0.01	1.00	1.00	-0.71	-2.02	115	-69	183
-0.02	0.01	1.00	0.86	-0.92	-1.79	118	-68	178
-0.03	0.01	1.02	0.95	-0.86	-1.91	117	-63	175
-0.03	0.01	1.00	0.84	-0.70	-1.91	116	-68	176
-0.02	0.01	1.01	0.98	-0.71	-1.97	122	-66	182
-0.03	0.01	1.01	0.95	-0.74	-1.94	113	-61	179
-0.03	0.01	1.01	1.06	-0.57	-2.00	118	-62	174
-0.03	0.01	1.00	0.98	-0.62	-2.04	116	-66	178
-0.03	0.01	1.00	0.73	-0.74	-1.87	117	-61	181
-0.03	0.01	1.01	0.92	-0.64	-1.82	117	-65	181
-0.02	0.01	1.00	0.90	-0.72	-1.94	116	-62	182
-0.02	0.01	1.01	1.13	-0.82	-1.95	114	-66	182
-0.02	0.01	1.00	0.82	-0.64	-1.85	116	-62	180
-0.03	0.01	1.01	0.85	-0.88	-1.87	119	-61	183
-0.02	0.01	1.00	1.10	-0.71	-1.94	118	-66	180
-0.03	0.01	1.01	0.89	-0.63	-1.95	117	-67	181
-0.03	0.01	1.01	0.85	-0.70	-1.94	112	-64	180
-0.03	0.01	1.00	1.02	-0.72	-1.92	114	-66	178
-0.03	0.01	1.00	0.95	-0.69	-2.03	116	-64	182
-0.03	0.01	1.01	0.86	-0.69	-1.95	120	-68	182
-0.03	0.01	1.01	0.87	-0.60	-1.88	123	-63	175
-0.02	0.01	1.01	1.05	-0.82	-1.88	117	-67	175
-0.02	0.01	1.01	0.85	-0.73	-1.89	117	-67	179
-0.03	0.01	1.02	0.92	-0.81	-1.97	121	-67	183
-0.03	0.01	1.01	0.94	-0.57	-1.98	115	-63	177
-0.03	0.02	1.00	0.96	-0.65	-1.95	116	-68	178
-0.02	0.01	1.01	1.05	-0.69	-1.95	110	-64	174
-0.03	0.01	1.01	0.83	-0.73	-1.97	116	-62	178
-0.03	0.01	1.01	0.90	-0.72	-1.79	120	-64	178
-0.03	0.01	1.00	1.06	-0.80	-1.97	114	-68	172
-0.03	0.02	1.01	1.08	-0.76	-1.97	112	-66	178
-0.03	0.01	1.00	1.04	-1.00	-1.88	110	-64	182
-0.03	0.01	1.01	1.03	-0.63	-2.10	115	-63	177
-0.03	0.01	1.01	1.01	-0.88	-2.02	118	-66	178
-0.02	0.01	1.00	0.86	-0.74	-1.94	119	-67	181
-0.02	0.01	1.01	0.92	-0.69	-1.94	113	-63	185
-0.03	0.01	1.01	0.92	-0.68	-1.91	112	-64	180
-0.02	0.01	1.01	1.07	-0.72	-1.98	119	-61	183
-0.03	0.01	1.01	0.92	-0.63	-1.90	116	-66	174
-0.03	0.02	1.01	1.05	-0.85	-1.88	119	-69	177
-0.02	0.01	1.00	1.02	-0.69	-1.98	115	-65	181
-0.03	0.01	1.01	0.96	-0.72	-1.91	118	-64	182
-0.02	0.01	1.00	0.79	-0.75	-1.98	112	-58	180
-0.03	0.01	1.00	0.62	-0.80	-1.91	111	-75	177
-0.03	0.01	1.00	0.97	-0.59	-1.90	117	-63	181
-0.02	0.01	1.00	0.85	-0.72	-1.96	124	-70	180
-0.03	0.01	1.01	0.83	-0.91	-1.96	117	-67	179
-0.03	0.01	1.01	0.65	-0.79	-1.91	116	-66	180
-0.03	0.01	1.00	1.00	-0.69	-1.88	113	-65	179
-0.03	0.02	1.00	1.08	-0.89	-2.01	115	-59	179
-0.03	0.01	1.01	0.95	-0.96	-1.93	117	-63	177
-0.02	0.01	1.01	0.96	-0.92	-1.93	119	-69	177
-0.03	0.01	1.01	0.92	-0.72	-1.98	111	-61	181
-0.03	0.01	1.00	1.04	-0.76	-1.88	121	-69	181
-0.03	0.01	1.01	0.85	-0.64	-1.95	114	-66	176
-0.03	0.01	1.01	0.76	-0.57	-1.89	114	-64	184
-0.03	0.01	1.01	0.81	-0.60	-1.91	117	-61	183
-0.02	0.01	1.00	0.85	-0.68	-1.92	117	-59	181
-0.03	0.02	1.01	0.73	-0.70	-1.97	114	-60	180
-0.03	0.01	1.00	0.82	-0.69	-1.83	114	-64	176
-0.02	0.01	1.01	0.85	-0.66	-1.96	118	-62	182
-0.02	0.01	1.01	0.95	-0.73	-1.91	116	-60	178
-0.03	0.01	1.01	0.86	-0.67	-2.08	115	-67	185
-0.03	0.01	1.00	0.95	-0.79	-1.79	114	-60	182
-0.02	0.02	1.00	0.80	-0.74	-1.98	116	-62	184
-0.02	0.01	1.00	0.92	-0.68	-1.92	114	-62	182
-0.03	0.01	1.01	0.86	-0.63	-1.84	118	-64	182
-0.03	0.02	1.01	0.82	-0.59	-1.89	117	-61	179
-0.02	0.01	1.01	0.81	-0.70	-1.98	112	-68	178
-0.02	0.01	1.01	1.01	-0.73	-2.01	110	-64	182
-0.02	0.01	1.02	0.82	-0.71	-1.98	111	-67	185
-0.02	0.01	1.00	1.01	-0.79	-1.92	118	-64	176
-0.03	0.01	1.00	0.77	-0.70	-1.92	114	-70	176
-0.03	0.02	1.00	1.01	-0.89	-1.88	119	-65	179
-0.03	0.01	1.00	1.02	-0.98	-1.88	115	-61	181
-0.02	0.01	1.01	0.98	-0.99	-1.99	116	-64	178
-0.02	0.01	1.00	1.01	-0.76	-1.75	117	-59	181
-0.03	0.01	1.00	1.05	-0.79	-1.90	119	-65	179
-0.02	0.01	1.01	1.04	-0.76	-1.91	110	-64	176
-0.02	0.01	1.01	0.86	-0.72	-1.86	117	-65	181
-0.03	0.01	1.00	1.01	-0.82	-1.92	122	-64	182
-0.03	0.01	1.01	1.01	-0.82	-2.02	113	-65	185
-0.03	0.01	1.01	1.04	-0.60	-1.94	117	-59	181
-0.03	0.01	1.01	0.86	-0.86	-1.96	121	-63	177
-0.02	0.02	1.00	0.85	-0.72	-2.02	119	-65	177
-0.02	0.02	1.00	0.91	-0.60	-1.90	114	-64	180
-0.02	0.01	1.01	0.72	-0.74	-1.96	118	-66	172
-0.03	0.01	1.01	1.13	-0.63	-1.94	117	-65	181
-0.02	0.01	1.01	0.98	-0.84	-2.04	115	-61	187
-0.02	0.01	1.01	1.09	-0.61	-1.97	112	-64	180
-0.02	0.01	1.01	0.95	-0.77	-1.79	112	-58	176
-0.02	0.01	1.01	0.92	-0.71	-2.00	112	-64	182
-0.03	0.01	1.01	1.01	-0.75	-1.94	120	-64	182
-0.02	0.01	1.00	1.01	-0.70	-1.84	118	-68	178
-0.03	0.01	1.00	0.85	-0.58	-1.96	119	-67	177
-0.03	0.01	1.00	0.92	-0.85	-1.91	119	-63	177
-0.03	0.01	1.02	0.99	-0.73	-1.85	110	-66	180
-0.03	0.02	1.01	1.01	-0.76	-2.01	111	-59	181
-0.03	0.01	1.00	0.88	-0.84	-1.79	117	-65	183
-0.03	0.01	0.99	1.04	-0.53	-1.89	112	-66	186
-0.03	0.01	1.01	0.95	-0.85	-1.96	117	-63	183
-0.03	0.01	1.01	0.98	-0.74	-1.85	117	-67	185
-0.02	0.01	1.00	1.00	-0.82	-1.85	117	-61	175
-0.02	0.02	1.00	1.00	-0.73	-1.98	117	-67	175
-0.03	0.01	1.00	1.00	-0.81	-1.93	112	-64	178
-0.03	0.01	1.00	0.92	-0.75	-1.82	116	-64	176
-0.03	0.01	1.00	0.98	-0.68	-1.89	116	-66	178
-0.02	0.02	1.01	0.99	-0.71	-1.96	115	-63	177
-0.03	0.01	1.00	0.94	-0.82	-2.05	112	-58	182
-0.02	0.02	1.01	0.72	-0.75	-1.89	114	-62	180
-0.03	0.01	1.01	1.01	-0.62	-2.03	112	-68	184
-0.03	0.01	1.01	0.87	-0.63	-1.94	118	-64	172
-0.03	0.01	1.00	0.89	-0.66	-1.95	116	-60	182
-0.02	0.01	1.00	0.85	-0.79	-1.91	116	-68	182
-0.03	0.01	1.01	0.91	-0.62	-2.04	113	-65	179
-0.02	0.01	1.00	0.89	-0.89	-1.83	117	-67	181
-0.02	0.01	1.00	0.77	-0.69	-1.98	120	-62	178
-0.03	0.01	1.01	1.12	-0.72	-2.01	118	-72	182
-0.03	0.01	1.00	0.91	-0.80	-2.02	115	-63	179
-0.02	0.01	1.00	1.01	-0.64	-2.00	111	-65	179
-0.03	0.01	0.99	1.03	-0.75	-2.03	115	-63	183
-0.03	0.01	1.01	0.88	-0.86	-1.96	115	-65	179
-0.02	0.01	1.01	1.00	-0.78	-1.92	113	-63	177
-0.03	0.01	1.00	0.98	-0.69	-1.84	113	-63	175
-0.02	0.01	1.00	0.88	-0.75	-1.98	118	-66	182
-0.03	0.01	1.01	0.86	-0.73	-1.92	114	-64	180
-0.03	0.00	1.01	0.87	-0.63	-1.99	117	-63	177
-0.02	0.02	1.00	0.81	-0.68	-2.01	119	-65	179
-0.02	0.02	1.00	1.02	-0.83	-1.86	119	-61	177
-0.03	0.01	1.01	1.02	-0.78	-1.95	115	-61	183
-0.03	0.02	0.99	0.99	-0.76	-1.96	113	-61	183
-0.02	0.00	1.00	0.90	-0.84	-2.02	121	-63	183
-0.02	0.01	1.00	0.79	-0.60	-1.95	117	-63	175
-0.03	0.02	1.01	1.17	-0.79	-1.93	120	-64	176
-0.04	0.01	1.00	1.02	-0.83	-1.91	114	-58	180
-0.03	0.01	1.01	0.87	-0.81	-2.04	116	-68	178
-0.03	0.01	1.01	0.93	-0.73	-1.98	119	-67	179
-0.03	0.01	1.01	0.76	-0.64	-1.82	115	-63	185
-0.02	0.01	1.00	0.73	-0.82	-1.82	118	-64	178
-0.02	0.02	1.01	0.87	-0.88	-1.92	116	-60	184
-0.03	0.01	1.02	1.00	-0.66	-2.00	115	-69	179
-0.03	0.01	1.00	0.91	-0.70	-1.92	106	-64	182
-0.02	0.02	1.00	1.07	-0.78	-2.01	116	-64	176
-0.02	0.01	1.01	1.11	-0.72	-2.00	118	-60	182
-0.03	0.02	1.01	0.91	-0.83	-1.85	111	-67	181
-0.03	0.01	1.00	0.92	-0.72	-2.16	113	-63	177
-0.03	0.01	1.00	0.98	-0.76	-2.03	114	-64	182
-0.03	0.01	1.01	0.91	-0.83	-1.75	115	-63	177
-0.02	0.01	1.01	0.71	-0.71	-2.02	114	-66	182
-0.02	0.01	1.00	0.95	-0.66	-1.94	113	-63	185
-0.02	0.01	1.00	0.85	-0.71	-1.98	119	-63	175
-0.03	0.01	1.01	0.92	-0.76	-1.98	116	-70	184
-0.03	0.01	1.01	0.90	-0.52	-1.88	116	-64	178
-0.02	0.01	1.00	0.76	-0.57	-1.99	115	-63	179
-0.03	0.01	1.01	1.01	-0.78	-1.98	115	-67	175
-0.02	0.01	1.00	0.89	-0.83	-1.82	121	-67	181
-0.04	0.01	1.00	0.89	-0.62	-1.95	122	-64	184
-0.03	0.02	1.00	0.79	-0.82	-2.02	113	-67	179
-0.03	0.02	1.00	0.85	-0.70	-1.81	111	-63	179
-0.03	0.01	1.00	0.89	-0.85	-2.01	118	-66	184
-0.03	0.02	1.01	0.82	-0.69	-1.85	115	-63	177
-0.03	0.01	1.00	0.88	-0.88	-2.15	120	-62	176
-0.03	0.01	1.01	1.05	-0.82	-2.00	118	-64	178
-0.02	0.01	1.01	0.91	-0.89	-1.87	118	-60	170
-0.02	0.01	1.00	0.85	-0.82	-2.01	118	-66	182
-0.03	0.02	1.00	1.10	-0.87	-2.00	116	-66	178
-0.02	0.01	1.00	0.70	-0.79	-1.98	111	-67	181
-0.03	0.01	1.01	0.85	-0.74	-1.97	115	-61	181
-0.02	0.01	1.02	0.97	-0.62	-1.91	119	-61	187
-0.02	0.01	1.01	0.95	-0.61	-1.96	115	-63	177
-0.03	0.01	1.01	0.86	-0.76	-1.88	123	-61	173
-0.02	0.01	1.00	1.01	-0.66	-2.05	109	-63	181
-0.03	0.01	1.01	0.98	-0.74	-1.88	115	-63	179
-0.03	0.01	1.00	0.95	-0.73	-1.79	114	-62	182
-0.03	0.01	1.00	0.89	-0.79	-1.95	111	-63	179
-0.03	0.01	1.01	0.90	-0.92	-1.88	115	-67	185
-0.02	0.01	1.01	0.82	-0.75	-1.91	120	-66	180
-0.02	0.01	1.00	0.85	-0.76	-1.95	111	-63	179
-0.03	0.01	1.01	1.03	-0.81	-1.89	117	-61	185
-0.02	0.02	1.00	0.90	-0.67	-2.01	116	-60	186
-0.03	0.01	1.01	0.96	-0.74	-1.84	120	-62	180
-0.02	0.01	1.01	0.96	-0.91	-1.85	119	-61	185
-0.03	0.01	1.00	0.98	-0.64	-1.98	118	-62	178
-0.03	0.01	1.01	1.09	-0.69	-1.85	112	-64	182
-0.02	0.02	0.99	1.03	-0.85	-2.02	111	-63	181
-0.03	0.01	1.01	0.89	-0.67	-1.93	115	-65	183
-0.03	0.01	1.00	0.92	-0.76	-1.97	113	-67	179
-0.02	0.00	1.00	0.79	-0.73	-1.92	116	-68	180
-0.03	0.01	1.01	0.92	-0.73	-2.01	120	-66	178
-0.03	0.01	1.00	0.79	-0.72	-1.89	124	-66	178
-0.03	0.02	1.00	0.84	-0.82	-2.03	111	-65	179
-0.03	0.02	1.01	0.91	-0.86	-1.95	116	-64	176
-0.03	0.01	1.00	1.05	-0.70	-1.85	117	-69	183
-0.03	0.01	1.01	0.93	-0.66	-2.03	116	-60	180
-0.02	0.01	1.01	0.92	-0.63	-1.88	119	-69	175
-0.03	0.01	1.01	0.85	-0.80	-1.91	117	-65	181
-0.03	0.02	1.00	0.96	-0.69	-2.01	120	-68	178
-0.03	0.01	1.00	0.93	-0.86	-2.01	117	-65	179
-0.02	0.01	1.00	0.85	-0.92	-1.95	115	-61	179
-0.03	0.01	1.00	0.89	-0.93	-1.91	114	-60	178
-0.03	0.01	1.01	1.06	-0.74	-1.92	114	-60	182
-0.03	0.01	1.01	1.06	-0.58	-1.92	118	-64	180
-0.02	0.01	1.00	0.89	-0.63	-1.97	115	-65	179
-0.03	0.01	1.00	0.85	-0.64	-1.83	116	-64	180
-0.02	0.01	1.00	0.89	-0.70	-1.98	120	-66	184
-0.02	0.01	1.01	0.85	-0.62	-1.81	115	-61	183
-0.03	0.01	1.01	1.02	-0.74	-2.01	115	-63	177
-0.02	0.01	1.01	1.00	-0.87	-1.87	112	-64	182
-0.03	0.01	1.01	0.86	-0.77	-1.84	118	-68	178
-0.03	0.01	1.00	0.79	-0.75	-1.93	114	-66	176
-0.02	0.01	1.00	0.98	-0.72	-2.09	119	-65	183
-0.03	0.01	1.00	1.03	-0.72	-1.86	118	-66	178
-0.02	0.00	1.01	1.06	-0.73	-1.91	112	-64	178
-0.02	0.01	1.00	0.88	-0.77	-1.99	110	-62	180
-0.02	0.01	1.00	0.99	-0.85	-1.98	119	-65	177
-0.02	0.00	1.01	1.02	-0.75	-1.88	116	-64	178
-0.03	0.01	1.00	0.95	-0.73	-1.92	114	-60	180
-0.02	0.01	1.00	0.95	-0.69	-1.95	119	-59	179
-0.02	0.01	1.01	0.82	-0.65	-1.93	120	-66	176
-0.02	0.01	1.00	0.91	-0.74	-1.96	112	-68	182
-0.03	0.02	1.01	0.95	-0.65	-1.99	113	-65	181
-0.02	0.01	1.00	0.83	-1.06	-1.95	119	-67	181
-0.03	0.01	1.01	1.09	-1.17	-1.79	117	-63	177
-0.03	0.01	1.01	1.30	-1.33	-1.89	113	-63	181
-0.03	0.01	1.00	1.66	-1.07	-2.07	119	-65	173
-0.03	0.01	1.02	1.24	-0.80	-1.98	118	-66	176
-0.03	0.01	1.00	0.96	-0.71	-2.00	114	-62	180
-0.02	0.02	1.01	0.63	-0.66	-2.02	120	-60	184
-0.03	0.02	1.00	0.57	-0.64	-1.96	116	-66	180
-0.03	0.01	1.00	0.72	-0.49	-1.97	118	-62	184
-0.02	0.01	1.01	0.95	-0.58	-2.14	115	-67	177
-0.03	0.01	1.01	0.93	-0.77	-1.89	117	-55	183
-0.02	0.01	1.00	0.65	-0.53	-1.90	112	-60	178
-0.03	0.01	1.01	0.85	-0.75	-1.92	122	-68	174
-0.02	0.02	1.00	0.97	-0.62	-1.86	114	-66	180
-0.02	0.01	1.01	0.79	-0.79	-2.03	118	-66	184
-0.02	0.02	1.01	1.00	-0.82	-1.99	116	-66	176
-0.03	0.01	1.01	0.89	-0.89	-2.08	118	-66	178
-0.03	0.02	1.01	1.16	-0.71	-1.98	113	-63	183
-0.03	0.01	1.01	0.89	-0.82	-1.91	115	-63	179
-0.03	0.01	1.01	0.85	-0.81	-1.86	119	-65	177
-0.03	0.01	1.00	0.87	-0.79	-1.95	118	-60	182
-0.02	0.01	1.01	0.79	-0.73	-1.90	113	-67	171
-0.03	0.01	1.00	0.74	-0.66	-1.98	119	-65	181
-0.02	0.01	1.00	0.70	-0.74	-2.02	116	-68	176
-0.03	0.01	1.01	0.98	-0.69	-1.95	119	-65	181
-0.02	0.02	1.01	0.99	-0.82	-1.98	119	-65	177
-0.03	0.01	1.01	0.87	-0.81	-1.99	116	-64	180
-0.03	0.02	1.00	0.95	-0.77	-1.88	119	-65	177
-0.03	0.01	1.01	1.04	-0.72	-2.01	112	-56	178
-0.02	0.01	1.00	0.82	-0.82	-2.13	114	-60	182
-0.02	0.01	1.00	1.03	-0.82	-1.82	118	-70	180
-0.03	0.02	1.01	0.80	-0.70	-1.98	117	-63	183
-0.03	0.01	1.00	0.79	-0.82	-2.06	116	-66	178
-0.03	0.01	1.00	0.83	-0.71	-1.82	115	-65	179
-0.02	0.01	1.01	0.91	-0.77	-1.85	111	-67	185
-0.02	0.01	1.01	0.91	-0.82	-1.85	109	-67	185
-0.02	0.01	1.01	0.92	-0.72	-1.84	116	-68	178
-0.03	0.01	1.00	1.00	-0.75	-2.00	112	-64	186
-0.03	0.02	1.01	0.76	-0.72	-1.79	114	-64	178
-0.03	0.01	1.01	0.98	-0.71	-1.87	120	-64	178
-0.02	0.01	1.00	0.87	-0.79	-1.86	113	-63	177
-0.03	0.02	1.01	1.14	-0.63	-1.87	116	-66	180
-0.03	0.01	1.00	0.87	-0.79	-1.95	117	-63	183
-0.03	0.01	1.01	0.98	-0.74	-2.01	118	-66	180
-0.03	0.01	1.00	0.85	-0.86	-2.01	116	-68	176
-0.03	0.01	1.00	0.87	-0.85	-1.95	115	-69	177
-0.03	0.01	1.01	0.80	-0.84	-2.01	115	-63	179
-0.02	0.01	1.02	1.13	-0.79	-1.93	110	-62	180
-0.03	0.01	1.01	0.85	-0.71	-1.91	117	-65	181
-0.03	0.01	1.00	0.90	-0.80	-1.92	118	-66	180
-0.03	0.02	1.00	0.80	-0.79	-1.98	116	-64	182
-0.03	0.02	1.00	0.82	-0.75	-1.87	111	-63	181
-0.03	0.01	1.00	0.89	-0.72	-1.85	115	-63	179
-0.03	0.01	1.00	0.79	-0.79	-2.01	114	-62	180
-0.02	0.01	1.00	0.89	-0.69	-1.91	116	-64	178
-0.02	0.01	1.00	1.07	-0.76	-1.96	112	-60	178
-0.03	0.01	1.00	0.94	-0.66	-1.89	115	-65	181
-0.02	0.02	1.01	1.21	-0.76	-2.07	117	-59	181
-0.03	0.01	1.00	0.98	-0.82	-1.95	112	-66	178
-0.03	0.01	1.02	0.85	-0.77	-2.02	118	-68	180
-0.03	0.02	1.00	0.79	-0.46	-1.94	116	-64	182
-0.03	0.01	1.01	1.23	-0.27	-1.76	113	-65	181
-0.03	0.01	1.00	0.66	-0.82	-1.96	117	-65	179
-0.03	0.01	1.00	1.15	-0.78	-2.01	116	-66	180
-0.02	0.01	1.01	0.90	-0.82	-1.99	115	-65	179
-0.02	0.02	1.00	0.98	-0.82	-1.99	114	-66	182
-0.02	0.02	1.00	1.05	-0.81	-1.97	116	-68	180
-0.03	0.01	1.01	0.82	-0.85	-1.98	116	-66	180
-0.03	0.02	1.01	1.08	-0.72	-1.88	114	-68	178
-0.02	0.01	1.01	0.96	-0.76	-1.85	117	-67	177
-0.02	0.01	1.00	0.82	-0.66	-1.97	114	-66	178
-0.03	0.01	1.00	0.87	-0.66	-1.95	116	-68	182
-0.03	0.01	1.01	0.87	-0.76	-1.89	116	-66	182
-0.03	0.01	1.00	0.99	-0.75	-1.91	119	-65	183
-0.03	0.01	1.00	0.91	-0.86	-1.97	114	-66	178
-0.02	0.02	1.00	0.85	-0.77	-2.01	112	-62	176
-0.03	0.01	1.00	0.86	-0.75	-1.79	119	-59	179
-0.03	0.01	1.01	0.97	-0.72	-1.84	119	-65	183
-0.02	0.01	1.01	0.89	-0.79	-1.88	113	-65	183
-0.03	0.01	1.00	0.78	-0.82	-2.08	116	-58	178
-0.03	0.01	1.00	1.05	-0.72	-2.07	116	-66	184
-0.02	0.02	1.02	0.83	-0.72	-1.97	116	-66	184
-0.03	0.01	1.00	0.61	-0.66	-1.96	114	-70	176
-0.03	0.01	1.00	1.17	-0.59	-1.82	118	-62	176
-0.02	0.01	1.00	1.03	-0.73	-1.98	119	-63	183
-0.03	0.01	1.00	0.85	-0.86	-1.84	118	-68	178
-0.03	0.02	1.01	1.11	-0.73	-1.88	111	-63	183
-0.02	0.01	1.00	0.79	-0.68	-1.88	122	-62	180
-0.03	0.00	1.02	0.96	-0.99	-1.98	110	-60	180
-0.03	0.01	1.00	1.03	-0.80	-2.02	121	-65	179
-0.03	0.01	1.00	0.89	-0.79	-1.89	114	-64	178
-0.03	0.01	1.00	0.99	-0.80	-1.98	117	-67	177
-0.03	0.02	1.00	0.90	-0.54	-1.93	111	-65	179
-0.02	0.01	1.01	0.86	-0.71	-1.93	112	-66	182
-0.02	0.01	1.01	0.80	-0.76	-1.96	122	-60	178
-0.03	0.01	1.01	0.85	-0.67	-1.88	118	-68	186
-0.02	0.02	1.00	0.91	-0.77	-2.06	113	-61	173
-0.02	0.01	1.00	0.90	-0.69	-1.91	114	-66	180
-0.02	0.01	1.01	1.07	-0.72	-2.03	118	-68	182
-0.02	0.01	1.01	0.84	-0.82	-1.98	114	-66	184
-0.03	0.01	1.00	1.08	-0.67	-1.89	117	-65	179
-0.02	0.02	1.00	1.06	-0.80	-1.95	119	-65	181
-0.03	0.01	1.01	1.29	-1.04	-1.95	118	-60	180
-0.03	0.01	1.01	1.02	-0.77	-1.93	111	-61	183
-0.03	0.01	1.00	0.86	-0.76	-2.04	116	-66	180
-0.02	0.01	1.02	0.91	-0.57	-1.98	114	-64	180
-0.02	0.01	1.00	0.61	-0.74	-1.98	115	-69	175
-0.03	0.01	1.01	0.82	-0.68	-1.94	117	-65	181
-0.02	0.00	1.01	1.00	-0.69	-1.99	117	-61	177
-0.03	0.01	1.00	0.89	-0.88	-1.99	118	-70	182
-0.03	0.01	1.00	0.95	-0.62	-1.98	113	-65	181
-0.04	0.01	1.00	1.01	-0.76	-1.98	118	-68	184
-0.02	0.02	1.00	0.98	-0.63	-1.91	113	-61	183
-0.02	0.02	1.00	0.82	-0.66	-1.88	115	-65	173
-0.03	0.01	1.01	1.00	-0.63	-1.69	116	-60	176
-0.03	0.01	1.00	0.82	-0.73	-1.97	114	-64	182
-0.02	0.01	1.00	0.89	-0.74	-1.85	119	-65	181
-0.03	0.01	1.00	1.08	-0.83	-1.87	111	-65	179
-0.03	0.02	1.01	0.91	-0.72	-1.93	115	-63	185
-0.03	0.01	1.00	0.95	-0.69	-1.90	118	-64	180
-0.03	0.01	1.01	0.92	-0.85	-1.95	119	-63	179
-0.03	0.01	1.01	1.04	-0.77	-1.97	114	-66	178
-0.02	0.01	1.00	0.85	-0.91	-1.98	114	-68	182
-0.03	0.02	1.00	0.83	-0.72	-1.85	113	-67	177
-0.03	0.02	1.02	0.92	-0.77	-1.99	116	-66	180
-0.02	0.01	1.01	0.88	-0.65	-2.08	123	-63	181
-0.03	0.01	1.01	1.05	-0.66	-1.91	116	-64	180
-0.02	0.01	1.01	0.98	-0.68	-2.06	114	-68	180
-0.02	0.01	1.01	0.90	-0.76	-2.02	116	-64	182
-0.03	0.02	1.01	0.90	-0.71	-2.02	116	-60	182
-0.02	0.01	1.01	0.86	-0.65	-1.91	115	-63	179
-0.03	0.01	1.01	1.05	-0.70	-1.89	117	-63	179
-0.03	0.01	1.01	0.85	-0.72	-1.95	116	-64	178
-0.02	0.01	1.00	0.87	-0.92	-2.01	119	-67	177
-0.02	0.01	1.00	0.91	-0.68	-2.01	114	-64	186
-0.03	0.01	1.00	0.81	-0.89	-1.93	109	-67	185
-0.03	0.02	1.00	1.09	-0.79	-1.95	119	-59	183
-0.03	0.01	1.00	0.83	-0.72	-1.93	123	-67	185
-0.02	0.01	1.00	0.87	-0.76	-2.12	118	-66	178
-0.03	0.01	1.02	1.01	-0.66	-1.92	121	-67	171
-0.03	0.02	1.00	0.85	-0.72	-1.90	113	-61	179
-0.02	0.01	1.01	1.08	-0.74	-1.95	119	-67	181
-0.02	0.01	1.01	0.77	-0.76	-1.91	115	-65	179
-0.03	0.01	1.00	1.10	-0.75	-2.07	113	-69	181
-0.02	0.01	1.00	0.95	-0.67	-1.99	121	-63	179
-0.02	0.01	1.01	1.00	-0.77	-1.87	117	-63	179
-0.02	0.01	1.01	0.79	-0.91	-2.01	117	-69	177
-0.03	0.00	1.01	0.90	-0.88	-1.91	113	-63	181
-0.02	0.01	1.01	0.94	-0.79	-1.86	120	-66	178
-0.03	0.01	1.00	1.05	-0.79	-1.98	117	-59	185
-0.03	0.01	1.00	0.97	-0.74	-1.93	117	-67	179
-0.03	0.01	1.00	0.94	-0.79	-1.82	113	-69	175
-0.03	0.01	1.01	1.11	-0.83	-2.02	113	-61	183
-0.02	0.01	1.01	1.02	-0.70	-1.96	117	-63	179
-0.03	0.01	1.00	0.72	-0.72	-1.88	112	-66	176
-0.02	0.01	1.00	0.86	-0.81	-1.96	112	-62	184
-0.03	0.01	1.01	0.92	-0.81	-1.93	112	-58	180
-0.03	0.01	1.00	0.89	-0.78	-2.06	116	-60	180
-0.03	0.01	1.01	0.84	-0.81	-1.87	113	-67	177
-0.02	0.01	1.01	1.01	-0.79	-1.91	115	-65	181
-0.03	0.01	1.01	0.95	-0.80	-1.86	124	-70	176
-0.03	0.01	1.00	0.84	-0.76	-2.06	118	-60	180
-0.03	0.01	1.01	0.93	-0.78	-1.98	117	-67	177
-0.03	0.02	1.01	0.84	-0.85	-1.95	110	-66	184
-0.03	0.01	1.00	0.96	-0.60	-2.08	117	-65	179
-0.02	0.02	1.00	0.97	-0.99	-2.09	116	-66	182
-0.03	0.01	1.00	0.82	-0.87	-1.89	119	-63	177
-0.03	0.01	1.01	0.86	-0.76	-1.93	118	-60	176
-0.03	0.01	1.01	0.84	-0.83	-1.97	116	-62	184
-0.03	0.01	1.00	0.95	-0.92	-1.85	115	-63	179
-0.02	0.01	1.01	1.05	-1.02	-1.95	117	-71	181
-0.03	0.01	1.01	0.79	-0.72	-2.01	113	-65	177
-0.02	0.02	1.00	1.06	-0.76	-1.94	118	-62	178
-0.03	0.01	1.01	0.93	-0.80	-1.95	116	-54	184
-0.02	0.01	1.00	0.86	-0.81	-1.93	118	-60	178
-0.03	0.01	1.01	0.93	-0.80	-1.95	114	-64	180
-0.03	0.01	1.01	1.02	-0.69	-1.92	119	-63	177
-0.02	0.02	1.00	0.92	-0.71	-1.86	116	-62	176
-0.03	0.01	1.01	0.98	-0.81	-2.00	114	-66	178
-0.02	0.01	1.01	1.01	-0.73	-1.85	117	-63	173
-0.02	0.01	1.01	0.90	-0.72	-2.01	115	-61	181
-0.02	0.01	1.01	1.03	-0.67	-1.87	115	-63	179
-0.03	0.01	1.01	0.94	-0.83	-1.82	121	-65	175
-0.02	0.01	1.01	0.89	-0.76	-1.95	115	-61	177
-0.03	0.01	1.01	0.92	-0.78	-1.97	113	-59	183
-0.02	0.01	1.01	1.02	-0.74	-2.06	108	-66	182
-0.03	0.01	1.00	0.81	-0.69	-1.88	113	-63	177
-0.03	0.01	1.00	0.98	-0.79	-1.94	118	-64	180
-0.02	0.01	1.02	0.92	-0.76	-2.04	116	-66	180
-0.03	0.01	1.00	0.93	-0.69	-1.93	115	-67	183
-0.02	0.01	1.01	0.97	-0.87	-2.00	108	-64	184
-0.03	0.01	1.00	0.88	-0.74	-1.86	119	-65	179
-0.02	0.01	1.00	0.90	-0.87	-1.93	118	-66	186
-0.03	0.01	1.01	0.98	-0.65	-1.95	116	-64	176
-0.02	0.01	1.01	0.89	-0.85	-1.86	111	-61	179
-0.03	0.01	1.00	1.08	-0.64	-1.82	115	-63	179
-0.03	0.01	1.01	0.98	-0.69	-1.92	111	-63	181
-0.03	0.01	1.01	0.85	-0.62	-1.97	121	-65	175
-0.02	0.01	1.01	1.11	-0.55	-1.98	114	-62	180
-0.02	0.01	1.01	0.89	-0.72	-2.02	118	-62	180
-0.02	0.01	1.00	0.69	-0.75	-1.91	118	-66	180
-0.02	0.01	1.01	0.89	-0.85	-2.08	117	-67	183
-0.03	0.02	1.00	0.92	-0.71	-1.91	114	-62	184
-0.02	0.01	1.00	0.97	-0.64	-1.81	116	-62	182
-0.02	0.01	1.01	0.92	-0.84	-1.81	115	-65	181
-0.02	0.00	1.01	0.90	-0.87	-1.87	118	-64	174
-0.03	0.01	1.01	0.98	-0.80	-1.90	121	-63	179
-0.03	0.01	1.00	0.83	-0.73	-1.91	118	-68	174
-0.03	0.01	1.01	0.82	-0.97	-1.90	115	-59	183
-0.02	0.01	1.01	0.89	-0.80	-1.98	118	-68	178
-0.03	0.01	1.01	1.21	-0.79	-1.98	114	-60	178
-0.02	0.02	1.00	0.69	-0.63	-2.00	111	-67	179
-0.02	0.01	1.00	0.98	-0.64	-1.83	119	-65	179
-0.03	0.01	1.01	0.81	-0.82	-1.98	115	-65	179
-0.02	0.01	1.00	1.01	-0.74	-1.88	109	-61	179
-0.03	0.01	1.00	0.95	-0.72	-1.92	119	-63	183
-0.03	0.02	1.00	0.88	-0.79	-2.02	112	-68	182
-0.02	0.01	1.00	0.86	-0.76	-1.94	116	-64	178
-0.02	0.02	1.00	0.81	-0.92	-1.86	110	-66	184
-0.02	0.02	1.00	0.91	-0.78	-1.93	119	-67	181
-0.03	0.01	1.01	0.98	-0.78	-1.98	112	-66	176
-0.02	0.01	1.01	1.03	-0.71	-1.95	118	-70	176
-0.03	0.01	1.01	0.95	-0.74	-2.03	113	-65	179
-0.02	0.01	1.00	0.93	-0.72	-1.87	116	-68	176
-0.03	0.01	1.01	0.82	-0.78	-1.88	115	-63	179
-0.03	0.01	1.01	1.12	-0.71	-1.97	113	-65	181
-0.03	0.01	1.01	0.76	-0.75	-1.99	122	-64	180
-0.02	0.02	1.01	0.84	-0.59	-1.78	116	-66	180
-0.02	0.01	1.00	0.87	-0.76	-1.93	118	-68	178
-0.03	0.01	1.00	0.79	-0.63	-1.98	113	-71	183
-0.03	0.01	1.01	0.88	-0.73	-1.95	113	-67	177
-0.03	0.01	1.00	0.79	-0.93	-2.03	121	-67	173
-0.03	0.01	1.00	0.95	-0.77	-1.91	114	-68	180
-0.03	0.01	1.01	1.10	-0.66	-1.85	116	-64	180
-0.02	0.01	1.00	0.99	-0.74	-1.83	111	-65	179
-0.03	0.01	1.00	0.89	-0.75	-1.95	117	-63	181
-0.03	0.01	1.02	0.94	-0.86	-1.98	119	-63	177
-0.03	0.01	1.01	0.85	-0.76	-1.95	113	-63	179
-0.02	0.01	1.02	0.98	-0.69	-1.91	115	-69	183
-0.02	0.01	1.00	0.86	-0.75	-1.75	115	-67	183
-0.03	0.01	1.01	0.92	-0.85	-2.00	117	-65	177
-0.03	0.00	1.01	0.92	-0.82	-2.04	114	-60	180
-0.04	0.01	1.00	0.92	-0.96	-1.93	114	-66	178
-0.02	0.01	1.01	0.82	-0.85	-1.95	116	-62	180
-0.03	0.01	1.00	0.89	-0.63	-1.98	116	-66	184
-0.03	0.01	1.01	0.96	-0.82	-1.98	118	-62	178
-0.03	0.01	1.00	0.88	-0.89	-2.02	112	-62	180
-0.03	0.01	1.01	0.86	-0.72	-1.89	114	-62	178
-0.02	0.01	1.01	0.90	-0.76	-1.98	116	-66	178
-0.02	0.01	1.00	0.85	-0.84	-1.94	115	-59	179
-0.03	0.02	1.00	1.01	-0.75	-1.90	117	-65	183
-0.03	0.01	1.01	0.94	-0.76	-1.94	117	-69	179
-0.03	0.01	1.01	1.05	-0.59	-1.95	112	-68	180
-0.03	0.01	1.01	0.80	-0.90	-1.96	113	-59	185
-0.03	0.01	1.01	0.85	-0.96	-2.01	113	-69	181
-0.03	0.01	1.00	0.90	-0.60	-1.89	122	-64	180
-0.03	0.01	1.01	0.71	-0.78	-1.95	110	-62	184
-0.03	0.01	1.00	0.89	-0.76	-2.17	110	-62	176
-0.02	0.01	1.01	0.77	-0.56	-1.96	115	-65	177
-0.02	0.02	1.01	0.78	-0.80	-2.04	117	-63	181
-0.02	0.01	1.01	0.94	-0.79	-1.94	111	-57	181
-0.03	0.01	1.00	0.81	-0.72	-1.95	114	-64	182
-0.03	0.01	1.00	0.86	-0.62	-1.88	115	-67	179
-0.03	0.01	1.00	0.79	-0.62	-2.14	115	-63	181
-0.02	0.01	1.01	0.96	-0.72	-1.86	120	-56	180
-0.02	0.01	1.01	0.97	-0.80	-2.01	115	-65	183
-0.02	0.02	1.01	0.90	-0.70	-1.97	111	-61	179
-0.03	0.01	1.01	0.98	-0.84	-1.99	119	-65	179
-0.03	0.01	1.00	0.89	-0.77	-1.91	120	-70	180
-0.02	0.01	1.00	0.83	-0.82	-2.08	116	-64	182
-0.02	0.01	1.01	0.74	-0.78	-2.06	117	-67	173
-0.02	0.01	1.01	0.74	-0.63	-1.95	115	-67	179
-0.03	0.01	1.00	0.82	-0.59	-1.78	119	-65	179
-0.03	0.01	1.01	0.92	-0.83	-1.85	117	-63	179
-0.02	0.01	1.01	0.89	-0.79	-2.02	117	-57	177
-0.03	0.01	1.00	0.82	-0.84	-1.98	113	-63	185
-0.03	0.01	1.00	0.86	-0.76	-2.01	115	-65	179
-0.02	0.01	1.01	1.02	-0.74	-1.84	114	-68	180
-0.03	0.01	1.01	0.85	-0.70	-1.85	108	-66	180
-0.02	0.01	1.01	1.01	-0.66	-2.04	119	-67	175
-0.02	0.01	1.00	0.95	-0.68	-1.97	111	-63	179
-0.03	0.02	1.01	0.95	-0.91	-1.95	115	-65	183
-0.02	0.01	1.01	1.06	-0.80	-2.14	112	-64	184
-0.02	0.01	1.01	0.89	-0.68	-1.95	112	-62	174
-0.02	0.01	1.01	0.87	-0.82	-2.06	111	-65	177
-0.03	0.01	1.01	0.81	-0.73	-1.93	120	-64	180
-0.03	0.01	1.00	0.92	-0.76	-1.95	121	-69	183
-0.02	0.01	1.00	0.97	-0.73	-1.93	119	-65	183
-0.03	0.01	1.01	0.92	-0.55	-1.89	112	-62	184
-0.02	0.01	1.01	1.06	-0.80	-1.91	117	-63	177
-0.03	0.01	1.01	0.83	-0.79	-2.01	115	-67	179
-0.03	0.01	1.01	1.05	-0.77	-1.88	122	-68	176
-0.03	0.01	1.01	0.86	-0.76	-1.97	120	-64	182
-0.02	0.01	1.01	0.66	-0.56	-1.83	116	-62	180
-0.03	0.01	1.00	0.67	-0.78	-1.95	111	-63	177
-0.03	0.01	1.00	0.82	-0.80	-2.01	112	-64	184
-0.03	0.01	1.00	0.88	-0.66	-2.08	115	-63	183
-0.03	0.01	1.01	0.98	-0.65	-2.01	113	-61	177
-0.03	0.01	1.01	0.76	-0.87	-1.89	115	-63	181
-0.03	0.01	1.01	0.91	-0.60	-1.88	119	-67	179
-0.02	0.01	1.01	0.92	-0.73	-1.95	115	-67	183
-0.02	0.02	1.01	1.02	-0.86	-1.82	118	-68	178
-0.02	0.01	1.00	1.05	-0.84	-1.98	114	-60	180
-0.02	0.01	1.00	0.93	-0.86	-1.99	113	-61	179
-0.02	0.01	1.01	0.91	-0.85	-1.98	116	-64	176
-0.03	0.01	1.00	0.82	-0.95	-2.09	116	-58	184
-0.03	0.01	1.00	0.97	-0.73	-1.89	119	-69	183
-0.02	0.01	1.00	1.03	-0.73	-2.01	116	-70	186
-0.03	0.01	1.01	1.04	-0.95	-1.94	115	-65	183
-0.03	0.01	1.01	0.88	-0.72	-2.02	114	-58	182
-0.03	0.02	1.01	0.92	-0.81	-1.89	120	-66	176
-0.02	0.01	1.01	0.64	-0.81	-1.73	112	-62	176
-0.03	0.02	1.00	1.15	-0.86	-1.96	120	-62	186
-0.02	0.01	1.01	0.81	-0.72	-1.89	116	-64	184
-0.02	0.02	1.01	1.07	-0.82	-2.04	124	-64	176
-0.02	0.01	1.01	1.00	-0.71	-1.82	107	-67	181
-0.03	0.01	1.00	0.85	-0.93	-1.83	112	-62	178
-0.03	0.01	0.99	1.08	-0.84	-1.91	117	-59	183
-0.02	0.02	1.02	1.01	-0.83	-1.96	115	-65	179
-0.03	0.01	1.00	0.79	-0.62	-1.99	116	-62	178
-0.03	0.01	1.02	1.19	-0.78	-1.85	116	-62	174
-0.03	0.02	1.00	0.69	-0.76	-1.79	116	-62	184
-0.03	0.01	1.02	0.98	-0.74	-1.98	114	-58	178
-0.03	0.01	1.01	0.81	-0.70	-2.02	113	-65	177
-0.02	0.00	1.01	0.83	-0.68	-1.75	119	-61	181
-0.03	0.02	1.00	0.95	-0.50	-1.90	116	-64	180
-0.03	0.01	1.01	0.83	-0.70	-1.97	116	-62	178
-0.02	0.00	1.01	1.01	-0.79	-1.89	117	-63	177
-0.03	0.01	1.01	1.16	-0.83	-1.92	115	-65	181
-0.03	0.02	1.01	0.79	-0.99	-1.93	117	-67	183
-0.02	0.01	1.00	0.89	-0.79	-1.87	116	-62	178
-0.03	0.01	1.01	0.90	-0.92	-1.92	117	-67	177
-0.02	0.01	0.99	0.92	-0.75	-1.94	117	-65	179
-0.03	0.01	1.00	1.17	-0.77	-2.11	111	-61	183
-0.03	0.02	1.01	0.98	-0.83	-1.85	116	-58	180
-0.03	0.01	1.00	0.82	-0.79	-1.88	116	-66	176
-0.02	0.01	1.00	1.07	-0.72	-1.92	120	-68	182
-0.03	0.01	1.01	0.74	-0.61	-1.91	118	-62	176
-0.03	0.01	1.00	0.89	-0.68	-1.95	117	-61	185
-0.02	0.01	1.00	1.15	-0.92	-2.11	110	-64	182
-0.03	0.01	1.01	0.86	-0.76	-1.87	122	-68	178
-0.02	0.01	1.01	1.16	-0.80	-1.99	118	-66	178
-0.04	0.02	1.01	1.07	-0.88	-1.99	118	-66	180
-0.03	0.02	1.00	0.73	-0.79	-1.81	115	-63	181
-0.03	0.01	1.01	1.27	-0.79	-1.91	115	-65	179
-0.01	0.00	1.00	1.00	-0.77	-2.05	123	-67	177
-0.02	0.01	1.00	0.96	-0.85	-1.82	116	-68	178
-0.03	0.01	1.00	0.98	-0.69	-1.95	120	-64	176
-0.04	0.02	1.00	0.82	-0.79	-1.93	116	-64	184
-0.02	0.02	1.00	0.93	-0.76	-1.82	116	-68	176
-0.02	0.01	1.01	0.76	-0.64	-1.88	120	-62	184
-0.03	0.01	1.01	1.03	-0.62	-1.95	120	-64	182
-0.03	0.01	1.00	0.89	-0.70	-2.05	112	-62	178
-0.03	0.01	1.01	0.91	-0.67	-2.11	118	-64	180
-0.03	0.02	1.02	0.92	-0.89	-1.98	115	-67	175
-0.03	0.01	1.00	0.82	-0.74	-1.88	118	-68	178
-0.03	0.00	1.02	1.02	-0.83	-2.02	116	-66	178
-0.03	0.01	1.00	1.12	-0.81	-2.04	109	-63	177
-0.02	0.02	1.01	0.83	-0.86	-2.08	119	-61	179
-0.02	0.01	1.00	0.91	-0.79	-2.10	122	-62	176
-0.02	0.01	1.01	1.06	-0.89	-1.88	118	-62	182
-0.02	0.01	1.01	0.96	-0.80	-1.87	117	-59	175
-0.02	0.02	1.00	0.96	-0.77	-1.93	113	-63	181
-0.03	0.01	1.00	0.79	-0.87	-1.92	125	-65	177
-0.03	0.01	1.00	0.82	-0.78	-1.85	118	-68	180
-0.02	0.02	1.00	0.84	-0.66	-2.01	113	-65	175
-0.02	0.01	0.99	0.81	-0.70	-1.88	115	-69	179
-0.03	0.01	1.01	1.00	-0.59	-2.01	112	-66	182
-0.03	0.01	1.00	0.95	-0.81	-2.00	118	-66	178
-0.02	0.01	1.01	1.14	-0.72	-2.07	112	-66	176
-0.03	0.01	1.00	0.79	-0.71	-1.72	117	-61	185
-0.03	0.01	1.01	0.91	-0.83	-1.85	116	-64	176
-0.03	0.01	1.00	0.76	-0.74	-2.06	114	-62	178
-0.02	0.00	1.01	1.03	-0.61	-1.81	120	-66	184
-0.02	0.01	1.01	1.01	-0.66	-2.14	113	-63	177
-0.03	0.01	1.00	1.08	-0.81	-1.81	110	-66	176
-0.03	0.01	1.01	1.02	-0.71	-2.09	118	-64	180
-0.03	0.01	1.01	0.94	-0.74	-2.07	115	-63	177
-0.02	0.01	1.01	0.87	-0.70	-2.13	116	-62	182
-0.02	0.01	1.00	0.95	-0.85	-1.85	117	-65	179
-0.03	0.01	1.00	1.00	-0.63	-1.99	117	-63	181
-0.02	0.01	1.01	0.76	-0.83	-1.81	116	-66	182
-0.03	0.01	1.01	0.89	-0.72	-2.06	114	-62	182
-0.03	0.02	1.01	0.88	-0.76	-1.95	114	-64	188
-0.03	0.01	1.00	0.96	-0.84	-2.03	117	-65	181
-0.03	0.00	1.01	1.11	-0.68	-1.98	120	-68	184
-0.02	0.01	1.00	0.77	-0.79	-2.08	122	-62	176
-0.02	0.01	1.01	0.91	-0.76	-1.96	113	-63	181
-0.03	0.01	1.01	1.05	-0.70	-1.98	115	-65	177
-0.03	0.02	1.01	0.92	-0.56	-1.96	117	-67	175
-0.03	0.02	1.00	0.80	-0.49	-1.67	112	-66	182
-0.02	0.01	1.00	0.72	-0.65	-1.88	116	-66	174
-0.02	0.01	1.00	0.89	-0.84	-1.89	109	-69	183
-0.03	0.01	1.01	1.05	-0.76	-2.08	118	-62	176
-0.03	0.01	1.00	0.93	-0.89	-1.95	119	-63	175
-0.03	0.01	1.00	0.80	-0.88	-1.81	116	-68	174
-0.02	0.02	1.02	0.99	-0.75	-2.16	122	-68	182
-0.02	0.01	1.00	0.85	-0.80	-1.92	116	-66	178
-0.03	0.01	1.00	0.91	-0.80	-1.93	118	-66	182
-0.03	0.00	1.00	0.87	-0.69	-1.93	119	-65	177
-0.02	0.02	1.01	0.85	-0.64	-2.04	116	-66	178
-0.02	0.01	1.00	0.74	-0.97	-1.88	118	-66	184
-0.03	0.01	1.00	0.85	-0.66	-1.88	117	-67	179
-0.02	0.01	1.01	0.97	-0.56	-1.95	117	-67	181
-0.03	0.01	1.00	0.98	-0.82	-1.82	122	-66	174
-0.02	0.01	1.00	1.02	-0.84	-1.96	116	-68	184
-0.02	0.01	1.00	1.05	-0.64	-1.82	123	-63	181
-0.02	0.01	1.01	0.90	-0.78	-2.10	115	-61	179
-0.03	0.02	1.01	0.92	-0.89	-2.04	118	-64	182
-0.03	0.01	1.00	1.01	-0.92	-2.02	115	-65	171
-0.03	0.01	1.00	1.03	-0.73	-1.65	120	-66	180
-0.02	0.02	1.00	1.01	-0.68	-1.94	118	-64	178
-0.02	0.01	1.00	0.91	-0.74	-2.01	118	-66	178
-0.02	0.01	1.01	0.82	-0.83	-1.97	117	-67	181
-0.03	0.02	1.00	0.83	-0.81	-2.01	113	-65	181
-0.03	0.01	1.00	0.87	-0.74	-1.91	114	-64	180
-0.03	0.00	1.01	0.92	-0.85	-1.98	113	-63	179
-0.03	0.01	1.01	0.87	-0.85	-1.88	118	-60	180
-0.02	0.01	1.01	0.91	-0.71	-1.87	117	-59	181
-0.02	0.01	1.00	0.86	-0.84	-1.98	113	-61	183
-0.02	0.01	1.01	0.95	-0.66	-1.89	114	-64	182
-0.03	0.01	1.01	0.89	-0.87	-1.93	113	-65	183
-0.02	0.01	1.00	0.99	-0.77	-1.97	116	-58	180
-0.02	0.02	1.01	1.11	-0.75	-1.95	116	-60	176
-0.03	0.00	1.00	0.98	-0.78	-1.88	116	-62	180
-0.02	0.01	1.01	1.01	-0.78	-1.91	115	-63	181
-0.02	0.02	1.01	0.95	-0.80	-1.97	114	-62	178
-0.03	0.02	1.00	0.76	-0.80	-1.94	112	-64	182
-0.03	0.02	1.00	1.16	-0.74	-1.88	117	-61	181
-0.03	0.01	1.00	1.01	-0.60	-1.92	117	-67	179
-0.03	0.01	1.01	0.83	-0.63	-1.91	115	-63	177
-0.03	0.01	1.01	1.00	-0.78	-2.02	120	-66	182
-0.03	0.01	1.00	0.85	-0.76	-2.02	120	-68	178
-0.01	0.02	1.01	0.85	-0.83	-1.98	112	-64	182
-0.03	0.01	1.00	0.93	-0.84	-1.95	113	-61	181
-0.03	0.01	1.01	1.01	-0.69	-1.89	117	-65	177
-0.02	0.01	1.01	0.76	-0.83	-2.00	117	-61	179
-0.02	0.02	1.01	0.86	-0.86	-2.07	109	-65	179
-0.02	0.02	1.01	0.85	-0.78	-2.01	118	-66	184
-0.02	0.01	1.01	1.00	-0.69	-1.88	122	-66	180
-0.03	0.01	1.01	1.01	-0.67	-1.94	112	-62	182
-0.03	0.01	1.00	0.86	-0.82	-1.91	118	-60	176
-0.02	0.01	1.01	1.03	-0.92	-1.83	122	-66	178
-0.02	0.02	1.00	1.18	-0.71	-2.10	115	-63	177
-0.02	0.01	1.01	0.93	-0.64	-1.82	116	-66	174
-0.02	0.01	1.00	0.79	-0.78	-1.94	110	-60	178
-0.02	0.01	1.01	0.95	-0.83	-1.75	116	-62	180
-0.03	0.01	1.00	0.94	-0.79	-2.03	112	-62	176
-0.02	0.01	1.01	0.74	-0.82	-1.90	115	-61	181
-0.02	0.01	1.01	0.99	-0.81	-1.98	122	-66	176
-0.02	0.02	1.01	0.95	-0.83	-1.92	112	-58	176
-0.03	0.02	0.99	0.79	-0.71	-2.01	115	-67	179
-0.03	0.00	0.99	0.82	-0.66	-1.89	115	-61	181
-0.03	0.00	1.01	1.21	-1.03	-1.82	116	-64	180
-0.03	0.01	1.01	0.85	-0.71	-1.94	117	-67	177
-0.02	0.01	1.01	0.86	-0.63	-1.91	117	-67	177
-0.03	0.02	1.01	0.71	-0.72	-1.72	118	-62	180
-0.02	0.02	1.00	1.03	-0.81	-1.95	120	-62	180
-0.03	0.02	1.01	0.79	-0.81	-1.91	116	-62	180
-0.03	0.01	1.01	0.60	-0.80	-2.01	117	-71	177
-0.02	-0.00	1.00	1.25	-0.88	-1.79	114	-64	180
-0.01	0.01	1.01	1.00	-0.83	-1.82	116	-62	174
-0.02	0.02	1.00	1.06	-0.48	-2.04	120	-66	182
-0.04	0.02	1.00	0.97	-0.63	-1.98	117	-65	183
-0.04	0.01	1.00	0.80	-0.87	-1.80	116	-68	180
-0.02	0.02	1.00	1.02	-0.86	-1.96	115	-61	183
-0.02	0.01	1.00	0.96	-0.76	-2.14	115	-65	177
-0.02	-0.01	0.99	0.63	-0.66	-1.93	116	-66	186
-0.02	0.00	1.01	1.11	-0.75	-1.94	115	-67	177
-0.03	0.02	1.01	1.03	-0.76	-1.97	114	-64	178
-0.03	0.02	1.00	0.97	-0.62	-1.94	117	-61	179
-0.03	0.01	1.02	0.91	-0.93	-1.89	116	-64	186
-0.02	0.02	1.01	0.87	-0.88	-1.82	115	-63	177
-0.02	0.01	1.01	1.11	-1.02	-1.95	121	-63	179
-0.02	-0.00	1.00	0.95	-0.98	-2.01	114	-66	180
-0.02	0.00	1.01	1.27	-1.03	-1.87	115	-61	179
-0.03	0.02	0.99	1.06	-0.68	-2.01	117	-65	179
-0.04	0.02	1.00	0.66	-0.66	-1.95	114	-62	182
-0.03	0.01	1.00	1.08	-0.78	-1.90	117	-67	183
-0.02	0.01	1.00	0.54	-0.90	-1.89	110	-68	180
-0.03	0.01	1.01	1.15	-0.82	-2.02	118	-66	180
-0.03	0.01	1.00	0.77	-0.93	-2.11	111	-63	177
-0.02	0.01	1.01	0.92	-0.66	-1.88	123	-63	179
-0.03	0.01	1.00	0.94	-0.76	-1.93	114	-64	178
-0.04	0.02	1.01	0.79	-0.66	-1.92	115	-61	187
-0.03	0.01	1.00	0.97	-0.63	-1.99	108	-64	184
-0.03	0.01	1.01	0.85	-0.80	-2.00	115	-63	177
-0.02	0.01	1.01	0.98	-0.73	-1.94	114	-72	178
-0.03	0.01	1.00	0.99	-0.63	-1.98	117	-65	177
-0.02	0.01	0.99	1.08	-0.66	-1.75	117	-69	177
-0.03	0.02	1.01	1.03	-0.72	-1.92	115	-61	181
-0.03	0.01	1.01	0.85	-0.89	-2.00	113	-67	181
-0.03	0.01	1.00	0.95	-0.79	-2.06	114	-62	180
-0.03	0.01	1.00	0.82	-0.75	-2.04	113	-65	179
-0.03	0.01	1.00	0.98	-0.70	-1.87	119	-65	181
-0.03	0.01	1.00	0.88	-0.68	-2.04	116	-70	176
-0.03	0.02	1.00	0.79	-0.72	-1.92	115	-67	177
-0.03	0.02	1.00	1.01	-0.73	-2.04	114	-60	182
-0.03	0.01	1.01	0.95	-0.82	-1.86	112	-68	180
-0.03	0.01	1.01	0.97	-0.64	-1.88	114	-68	182
-0.02	0.01	1.00	0.66	-0.85	-1.88	118	-64	180
-0.02	0.01	1.00	0.77	-0.76	-2.01	114	-66	182
-0.02	0.01	1.01	0.95	-0.73	-1.86	122	-62	178
-0.03	0.01	1.01	0.89	-0.80	-1.85	114	-64	180
-0.03	0.02	1.00	0.89	-0.76	-2.05	119	-65	179
-0.02	0.01	1.01	0.96	-0.87	-1.95	119	-65	175
-0.02	0.01	1.00	0.87	-0.92	-1.92	119	-63	179
-0.03	0.01	1.00	1.04	-0.82	-1.93	119	-67	177
-0.03	0.01	1.00	0.89	-0.87	-1.88	116	-62	180
-0.03	0.01	1.00	1.02	-0.72	-1.98	114	-64	180
-0.03	0.01	1.00	0.82	-0.68	-1.91	120	-66	180
-0.03	0.01	1.00	0.99	-0.72	-1.89	121	-61	179
-0.03	0.01	1.00	1.11	-0.71	-1.94	115	-67	181
-0.03	0.02	1.01	0.88	-0.62	-2.04	112	-66	180
-0.02	0.01	1.00	0.76	-0.89	-2.02	115	-67	181
-0.03	0.01	1.01	0.94	-0.76	-1.99	115	-63	181
-0.03	0.01	1.00	0.95	-0.85	-1.98	114	-62	182
-0.02	0.01	1.01	0.85	-0.66	-2.02	112	-66	176
-0.02	0.01	1.01	0.86	-0.76	-2.01	115	-65	181
-0.02	0.02	1.01	0.90	-0.62	-1.92	111	-65	181
-0.02	0.02	1.00	0.98	-0.76	-1.91	118	-64	174
-0.03	0.01	1.01	1.01	-0.79	-1.83	119	-57	183
-0.02	0.02	1.01	0.90	-0.83	-2.04	114	-64	180
-0.02	0.01	1.00	0.76	-0.58	-1.85	117	-65	181
-0.04	0.01	1.01	0.76	-0.68	-1.86	112	-58	182
-0.03	0.02	1.00	0.98	-0.76	-1.91	115	-65	179
-0.02	0.02	1.00	1.08	-0.71	-1.78	118	-66	178
-0.03	0.01	1.00	1.00	-0.76	-1.89	116	-66	184
-0.03	0.01	1.00	1.01	-0.93	-1.99	113	-69	179
-0.02	0.01	1.00	0.94	-0.71	-1.91	114	-64	182
-0.03	0.01	1.00	0.90	-0.73	-1.95	113	-67	181
-0.03	0.01	1.00	0.97	-0.63	-1.85	118	-64	178
-0.04	0.01	1.00	0.78	-0.67	-2.02	114	-66	178
-0.03	0.01	1.01	1.00	-0.90	-2.08	120	-64	174
-0.02	0.02	1.01	0.81	-0.77	-1.95	116	-64	178
-0.03	0.01	1.01	1.12	-0.70	-1.85	116	-64	182
-0.02	0.01	1.01	1.01	-0.79	-1.98	118	-66	176
-0.02	0.01	1.01	1.03	-0.74	-2.02	109	-63	181
-0.03	0.01	1.00	1.13	-0.84	-2.11	116	-64	178
-0.03	0.01	1.01	0.86	-0.76	-1.75	113	-61	179
-0.03	0.01	1.01	1.14	-0.92	-1.77	112	-60	180
-0.03	0.01	1.01	1.02	-0.64	-2.00	114	-66	182
-0.02	0.01	1.00	1.11	-0.69	-1.82	114	-68	176
-0.02	0.01	1.01	1.13	-0.84	-2.01	117	-63	179
-0.03	0.02	1.01	0.93	-0.79	-1.91	114	-64	176
-0.02	0.02	1.00	0.89	-0.69	-2.07	118	-62	180
-0.03	0.01	1.01	0.79	-0.60	-1.80	111	-65	183
-0.03	0.01	1.00	0.85	-0.60	-1.96	117	-69	179
-0.03	0.01	0.99	1.08	-0.82	-1.90	119	-67	181
-0.02	0.01	1.00	0.89	-0.71	-2.03	115	-67	181
-0.02	0.01	1.01	1.05	-0.66	-2.03	121	-65	185
-0.03	0.01	0.99	1.11	-0.76	-1.81	111	-59	177
-0.03	0.01	1.01	1.08	-0.79	-1.89	116	-64	180
-0.03	0.01	1.00	0.85	-0.80	-1.85	120	-70	180
-0.02	0.01	1.01	0.95	-0.81	-2.01	114	-60	176
-0.02	0.01	1.00	1.05	-0.78	-2.04	117	-65	177
-0.02	0.02	1.00	0.88	-0.72	-1.86	114	-60	184
-0.03	0.01	1.01	0.89	-0.69	-1.86	116	-62	182
-0.03	0.01	1.01	0.86	-0.86	-1.94	114	-66	180
-0.03	0.02	1.01	0.84	-0.98	-2.01	118	-64	180
-0.02	0.02	1.00	1.05	-0.89	-1.93	117	-69	179
-0.02	0.02	1.01	0.90	-0.82	-1.86	117	-63	181
-0.02	0.01	1.00	0.77	-0.75	-1.91	117	-59	175
-0.02	0.01	1.00	0.98	-0.76	-2.00	117	-65	179
-0.03	0.02	1.01	1.05	-0.79	-1.91	114	-62	184
-0.02	0.02	1.01	1.03	-0.72	-1.92	112	-64	184
-0.03	0.01	1.01	0.90	-0.74	-1.89	115	-65	181
-0.03	0.01	1.00	1.00	-0.66	-1.88	120	-66	178
-0.03	0.02	1.01	0.96	-0.66	-1.90	116	-66	170
-0.02	0.01	1.01	1.11	-0.66	-1.97	116	-66	180
-0.03	0.01	1.01	0.89	-0.76	-2.01	119	-65	177
-0.02	0.01	1.01	1.01	-0.71	-1.98	117	-63	177
-0.03	0.00	1.01	0.87	-0.50	-1.95	116	-64	180
-0.03	0.02	1.01	0.93	-0.69	-2.00	118	-62	182
-0.03	0.01	1.02	0.97	-0.74	-2.00	116	-68	178
-0.02	0.01	1.01	0.97	-0.72	-2.05	118	-62	180
-0.02	0.01	1.02	1.00	-0.78	-1.89	117	-65	177
-0.02	0.01	1.00	0.82	-0.58	-2.00	115	-65	181
-0.03	0.01	1.01	0.89	-0.72	-1.88	114	-66	178
-0.03	0.01	1.01	0.94	-0.72	-1.99	114	-58	180
-0.03	0.01	1.01	0.85	-0.92	-1.92	114	-64	180
-0.02	0.01	1.01	0.79	-0.57	-1.95	118	-68	176
-0.03	0.01	1.01	0.99	-0.79	-1.96	116	-60	182
-0.03	0.01	1.00	0.92	-0.91	-1.87	117	-65	177
-0.03	-0.00	1.01	0.77	-0.75	-1.88	120	-64	184
-0.03	0.01	1.01	1.06	-0.62	-1.92	116	-68	176
-0.03	0.02	1.00	0.92	-0.69	-1.92	115	-65	179
-0.03	0.01	1.01	0.92	-0.79	-1.81	115	-63	187
-0.02	0.01	1.00	0.94	-0.64	-1.93	113	-63	179
-0.03	0.01	1.00	0.82	-0.82	-1.96	117	-69	183
-0.03	0.01	1.01	0.83	-0.68	-1.89	119	-61	183
-0.02	0.01	1.00	1.16	-0.81	-1.95	118	-64	182
-0.02	0.01	1.00	0.89	-0.75	-1.96	118	-68	180
-0.03	0.01	1.01	0.95	-0.86	-1.80	115	-61	181
-0.04	0.01	0.99	0.92	-0.76	-1.88	111	-63	183
-0.02	0.01	1.01	1.01	-0.85	-2.07	120	-62	176
-0.02	0.01	1.00	0.93	-0.77	-1.87	117	-65	177
-0.02	0.01	1.01	0.72	-0.76	-1.91	115	-63	175
-0.03	0.01	1.01	0.85	-0.82	-2.02	115	-61	175
-0.02	0.01	1.01	1.02	-0.92	-2.04	118	-62	176
-0.02	0.02	1.00	0.93	-0.63	-2.08	114	-64	178
-0.03	0.01	1.01	0.97	-0.77	-1.99	113	-61	181
-0.02	0.01	1.00	0.98	-0.83	-2.04	118	-64	182
-0.02	0.01	1.02	0.82	-0.66	-1.94	110	-60	180
-0.03	0.01	1.00	0.91	-0.64	-1.97	116	-62	180
-0.02	0.01	1.00	0.94	-0.62	-1.82	118	-66	180
-0.02	0.02	1.00	0.89	-0.85	-1.91	112	-68	178
-0.02	0.01	1.00	1.00	-0.78	-1.88	114	-64	180
-0.03	0.01	1.01	1.05	-0.68	-1.94	117	-61	175
-0.03	0.01	1.00	0.85	-0.81	-1.97	111	-61	175
-0.02	0.02	1.01	0.95	-0.81	-1.98	113	-69	185
-0.02	0.01	1.01	0.76	-0.72	-1.95	122	-66	178
-0.02	0.01	1.00	0.98	-0.60	-2.01	115	-65	179
-0.04	0.01	1.00	1.03	-0.82	-1.88	113	-61	177
-0.03	0.01	1.00	0.98	-0.76	-1.98	111	-61	185
-0.03	0.01	1.01	0.83	-0.54	-1.95	117	-67	185
-0.02	0.02	1.01	0.68	-0.66	-1.85	119	-63	179
-0.03	0.01	1.01	0.95	-0.76	-1.83	118	-60	182
-0.02	0.02	1.01	1.01	-0.65	-1.94	114	-64	178
-0.03	0.01	1.00	1.00	-0.63	-1.93	121	-63	177
-0.02	0.01	1.00	1.08	-0.67	-1.98	117	-63	177
-0.03	0.01	1.00	0.97	-0.69	-1.85	118	-60	180
-0.02	0.02	1.01	0.99	-0.79	-1.91	117	-63	181
-0.03	0.01	1.00	0.89	-0.78	-1.92	114	-58	182
-0.02	0.01	1.00	0.85	-0.75	-1.85	115	-63	179
-0.02	0.01	1.01	0.81	-0.66	-1.91	117	-65	181
-0.03	0.01	1.01	0.91	-0.84	-1.90	119	-59	185
-0.03	0.02	0.99	0.99	-0.76	-1.99	112	-64	182
-0.03	0.01	1.00	0.88	-0.84	-2.04	113	-63	179
-0.03	0.01	1.01	0.76	-0.55	-1.88	119	-67	179
-0.03	0.01	1.01	0.93	-0.70	-1.91	118	-66	180
-0.03	0.01	1.00	0.86	-0.79	-1.97	118	-66	178
-0.02	0.01	1.00	0.84	-0.76	-1.91	116	-68	184
-0.02	0.01	1.00	0.92	-0.58	-1.86	119	-65	183
-0.03	0.01	1.01	1.01	-0.92	-2.02	118	-68	180
-0.03	0.01	1.01	0.85	-0.95	-1.89	113	-65	183
-0.03	0.01	1.00	0.81	-0.71	-1.96	115	-65	179
-0.03	0.01	0.99	0.94	-0.73	-2.05	121	-65	181
-0.02	0.01	1.00	0.82	-0.81	-1.83	116	-62	178
-0.02	0.01	1.01	0.88	-0.83	-2.01	117	-67	181
-0.02	0.01	1.00	0.94	-0.77	-2.13	117	-63	179
-0.03	0.01	1.01	0.98	-0.74	-1.82	120	-62	180
-0.04	0.02	1.00	0.95	-0.91	-1.84	116	-64	180
-0.02	0.01	1.00	1.13	-0.75	-1.76	116	-58	178
-0.02	0.01	1.00	0.88	-0.85	-2.03	119	-61	179
-0.02	0.01	1.01	0.77	-0.81	-1.94	116	-62	182
-0.03	0.01	1.00	1.11	-0.72	-1.97	116	-66	180
-0.03	0.01	1.01	0.95	-0.66	-1.88	120	-68	178
-0.03	0.01	1.01	0.79	-0.91	-1.88	112	-64	180
-0.03	0.01	1.00	1.02	-0.86	-2.06	110	-64	180
-0.02	0.01	0.99	1.02	-0.95	-1.97	116	-68	180
-0.03	0.01	1.00	0.85	-0.63	-1.79	116	-62	180
-0.03	0.01	1.01	1.08	-0.70	-1.92	115	-65	175
-0.03	0.01	1.01	0.88	-0.85	-2.06	116	-64	180
-0.03	0.01	1.01	0.89	-0.68	-1.91	117	-63	177
-0.03	0.02	1.01	0.92	-0.92	-2.06	115	-63	183
-0.02	0.01	1.01	0.76	-0.75	-1.90	107	-63	183
-0.03	0.00	1.00	0.81	-0.78	-2.08	115	-65	179
-0.02	0.01	1.01	0.97	-0.79	-2.02	109	-63	181
-0.03	0.01	1.01	0.80	-0.85	-1.96	120	-68	180
-0.02	0.02	1.00	0.89	-0.72	-1.93	117	-65	181
-0.03	0.02	1.00	0.99	-0.71	-2.01	115	-63	183
-0.03	0.01	1.01	0.79	-0.84	-1.92	111	-63	179
-0.03	0.01	1.00	1.12	-0.79	-1.85	118	-64	174
-0.03	0.02	1.00	1.03	-0.84	-2.04	118	-70	178
-0.02	0.01	1.00	0.64	-0.78	-1.96	114	-64	182
-0.02	0.01	1.01	0.93	-0.80	-1.92	116	-66	178
-0.03	0.01	1.01	0.83	-0.79	-2.09	110	-64	180
-0.03	0.01	1.00	0.75	-0.71	-1.91	115	-67	181
-0.03	0.02	1.00	0.87	-0.87	-2.01	115	-57	179
-0.02	0.01	1.01	0.96	-0.92	-1.92	112	-60	178
-0.03	0.01	1.02	0.69	-0.75	-1.96	115	-61	181
-0.02	0.01	1.00	0.89	-0.68	-2.01	119	-65	177
-0.03	0.01	1.01	1.07	-0.82	-1.82	113	-63	179
-0.03	0.01	1.00	1.06	-0.99	-1.84	117	-61	177
-0.03	0.02	1.00	1.18	-0.66	-1.96	117	-65	181
-0.03	0.01	1.01	0.95	-0.79	-1.90	114	-62	180
-0.03	0.01	1.01	0.74	-0.67	-1.92	117	-61	179
-0.02	0.01	1.00	0.85	-0.69	-2.05	114	-68	176
-0.03	0.01	1.01	0.90	-0.70	-1.88	116	-62	184
-0.02	0.01	1.00	0.91	-0.83	-2.04	117	-67	173
-0.03	0.02	1.01	0.98	-0.78	-2.00	119	-67	181
-0.03	0.02	1.01	1.01	-0.83	-1.92	116	-62	176
-0.02	0.02	1.01	1.03	-0.72	-1.85	114	-64	176
-0.03	0.01	1.00	0.92	-0.74	-2.03	108	-66	186
-0.02	0.00	1.00	0.85	-0.69	-1.96	119	-65	179
-0.02	0.01	0.99	0.81	-0.55	-2.04	117	-69	175
-0.02	0.01	1.01	1.06	-0.69	-1.98	115	-65	183
-0.03	0.01	1.01	0.92	-0.84	-1.88	114	-64	180
-0.03	0.02	1.00	0.99	-0.86	-1.91	114	-66	180
-0.03	0.02	1.00	0.82	-0.66	-1.80	119	-65	183
-0.03	0.00	1.00	0.84	-0.68	-1.91	116	-66	180
-0.03	0.01	1.00	0.91	-0.90	-1.85	112	-64	182
-0.03	0.01	1.00	0.97	-0.76	-1.87	118	-62	182
-0.03	0.01	1.01	0.93	-0.69	-1.96	115	-63	179
-0.02	0.01	1.01	0.99	-0.72	-1.88	112	-68	176
-0.03	0.01	1.01	0.99	-0.69	-1.83	111	-63	177
-0.03	0.01	1.00	0.96	-0.95	-1.91	115	-63	181
-0.02	0.01	1.00	0.80	-0.70	-1.86	110	-64	184
-0.03	0.01	1.01	0.99	-0.82	-2.01	120	-62	180
-0.03	0.01	1.00	1.02	-0.86	-1.94	117	-65	177
-0.02	0.02	1.01	0.96	-0.72	-1.97	118	-66	182
-0.02	0.01	1.00	0.96	-0.85	-1.97	114	-66	176
-0.03	0.01	1.01	0.89	-0.81	-1.93	120	-68	182
-0.03	0.02	1.01	0.89	-0.92	-1.95	121	-63	185
-0.03	0.01	1.00	0.88	-0.95	-1.88	119	-61	177
-0.03	0.00	1.01	0.87	-0.63	-2.02	120	-62	178
-0.02	0.01	1.00	0.83	-1.11	-1.98	116	-68	176
-0.02	0.01	1.01	0.93	-0.85	-1.97	115	-67	181
-0.02	0.02	1.01	0.92	-0.77	-1.83	116	-64	182
-0.03	0.02	1.00	0.97	-0.69	-1.82	115	-63	181
-0.03	0.01	1.01	0.83	-0.89	-1.75	118	-62	184
-0.03	0.01	1.00	0.94	-0.82	-1.79	110	-62	182
-0.02	0.01	1.00	1.03	-0.87	-1.94	116	-64	172
-0.02	0.01	1.00	1.05	-0.78	-1.79	118	-64	180
-0.02	0.01	1.00	0.79	-0.75	-1.94	113	-65	175
-0.03	0.00	1.00	0.84	-0.89	-1.86	115	-63	177
-0.03	0.01	1.00	0.98	-0.72	-2.01	108	-64	180
-0.03	0.02	1.00	0.85	-0.80	-1.90	115	-65	175
-0.02	0.01	1.00	0.79	-0.78	-1.82	118	-60	178
-0.02	0.02	1.01	1.06	-0.95	-1.82	117	-71	179
-0.02	0.01	1.00	0.92	-0.66	-1.89	113	-59	183
-0.03	0.01	1.01	0.98	-0.53	-2.00	110	-64	178
-0.03	0.02	1.00	0.98	-0.87	-2.00	109	-61	183
-0.02	0.02	1.00	0.87	-0.82	-1.96	117	-61	179
-0.02	0.02	1.00	0.88	-0.68	-1.84	114	-62	182
-0.03	0.01	1.00	0.99	-0.74	-1.86	114	-64	178
-0.03	0.01	1.01	0.94	-0.69	-1.89	119	-61	179
-0.03	0.02	1.00	0.91	-0.66	-1.88	115	-59	179
-0.02	0.01	1.01	1.02	-0.72	-1.92	118	-64	178
-0.03	0.01	1.00	0.90	-0.64	-1.85	118	-62	182
-0.03	0.01	1.00	0.81	-0.67	-1.85	116	-62	178
-0.03	0.01	1.01	0.96	-0.69	-1.83	118	-58	180
-0.03	0.01	1.01	0.89	-0.83	-1.91	112	-68	180
-0.02	0.02	1.00	0.86	-0.79	-1.95	116	-64	174
-0.02	0.02	1.00	0.94	-0.66	-1.82	112	-68	180
-0.03	0.01	1.00	0.84	-0.67	-1.95	108	-62	180
-0.02	0.02	1.00	0.94	-0.66	-1.99	117	-63	179
-0.02	0.01	1.01	0.92	-0.75	-1.95	122	-60	180
-0.03	0.01	1.01	0.81	-0.72	-2.06	114	-66	178
-0.03	0.01	1.01	0.79	-0.80	-1.81	113	-65	185
-0.02	0.01	1.00	1.00	-0.92	-1.92	114	-62	180
-0.02	0.02	1.01	1.01	-0.69	-2.00	122	-68	178
-0.04	0.02	1.01	0.72	-0.66	-1.94	115	-59	185
-0.04	0.00	1.00	1.06	-0.96	-1.80	115	-63	179
-0.02	0.01	1.01	1.05	-0.73	-2.04	122	-70	180
-0.01	0.01	1.01	1.01	-0.72	-1.88	118	-60	180
-0.02	0.01	1.00	1.02	-0.65	-1.89	118	-62	180
-0.03	0.02	1.00	1.15	-0.85	-2.01	113	-63	175
-0.03	0.01	1.00	0.72	-0.91	-1.75	117	-59	179
-0.03	0.01	1.00	1.04	-0.78	-1.91	117	-69	179
-0.02	0.01	1.01	0.69	-0.89	-1.96	114	-60	178
-0.02	0.01	1.00	0.82	-0.96	-1.82	115	-69	175
-0.02	0.01	1.03	1.01	-0.17	-2.14	118	-60	184
-0.03	0.01	0.99	0.39	-0.24	-1.97	118	-60	182
-0.04	0.02	1.01	0.99	-0.98	-1.75	119	-65	179
-0.03	0.03	1.01	0.88	-0.92	-2.19	118	-60	180
-0.02	0.01	1.00	1.01	-0.78	-1.72	113	-63	179
-0.02	0.00	1.01	0.91	-0.56	-1.68	117	-63	177
-0.02	0.01	1.00	1.10	-0.89	-1.69	113	-67	187
-0.02	0.01	1.02	1.08	-1.03	-1.90	116	-62	180
-0.03	0.01	1.00	0.82	-0.78	-1.98	114	-68	180
-0.03	0.02	1.00	1.25	-0.59	-1.96	117	-65	181
-0.03	0.02	1.00	0.72	-0.73	-1.95	115	-63	185
-0.03	0.01	1.02	1.07	-0.82	-1.72	116	-66	178
-0.02	0.01	1.00	0.92	-0.76	-2.19	114	-62	182
-0.02	0.01	1.00	1.08	-0.49	-1.89	114	-58	182
-0.02	0.01	0.99	1.05	-0.66	-2.13	112	-66	182
-0.03	0.01	1.01	1.01	-0.73	-1.96	117	-61	183
-0.04	0.01	1.01	1.16	-0.82	-1.81	111	-61	175
-0.03	0.02	1.00	0.92	-0.75	-2.02	111	-67	177
-0.02	0.01	1.00	0.85	-0.72	-1.99	119	-67	181
-0.02	0.00	1.00	0.86	-0.66	-2.00	118	-58	184
-0.03	0.01	1.01	0.92	-0.76	-1.97	110	-64	180
-0.03	0.01	1.01	0.94	-0.77	-1.98	116	-62	180
-0.03	0.02	1.02	1.27	-0.86	-2.11	116	-66	174
-0.03	0.03	1.01	0.79	-1.01	-2.03	108	-66	180
-0.03	0.01	1.00	0.89	-0.85	-1.81	109	-61	183
-0.03	0.00	1.01	0.90	-0.70	-2.00	113	-65	183
-0.03	0.00	1.00	0.92	-0.91	-1.95	115	-63	179
-0.02	0.01	0.99	0.85	-0.71	-2.00	119	-63	177
-0.03	0.02	1.00	0.93	-0.77	-1.93	119	-69	181
-0.03	0.01	1.01	0.82	-0.47	-1.80	110	-62	182
-0.03	0.01	1.01	0.98	-0.74	-1.90	114	-62	182
-0.03	0.02	1.01	0.94	-1.05	-1.98	117	-65	183
-0.02	0.01	1.00	0.79	-0.76	-2.09	116	-62	178
-0.02	0.01	1.01	0.96	-0.72	-1.87	116	-66	176
-0.02	0.02	1.01	0.85	-0.76	-1.95	118	-66	178
-0.04	-0.00	1.00	1.01	-0.70	-1.81	114	-60	178
-0.04	0.01	1.01	1.04	-0.98	-2.05	112	-62	176
-0.03	0.02	1.01	0.97	-0.78	-1.95	122	-68	180
-0.02	0.01	1.01	0.95	-0.72	-1.67	111	-65	181
-0.02	0.01	1.01	1.00	-0.82	-1.91	115	-63	181
-0.03	0.01	1.02	1.08	-0.73	-1.96	114	-66	178
-0.03	0.00	1.00	0.98	-0.79	-1.96	116	-62	180
-0.03	0.01	1.00	1.21	-0.84	-2.09	114	-64	178
-0.02	0.02	1.00	0.94	-0.72	-2.05	111	-65	183
-0.03	0.01	1.01	0.69	-0.85	-1.82	114	-64	186