3
4.69
8.11
10.87
13.34
15.70
17.98
20.17
22.34
24.45
26.53
28.59
30.63
32.65
34.68
36.65
38.63
40.59
42.53
44.45
46.38
48.28
50.18
52.07
53.95
55.80
57.63
59.48
61.33
63.16
64.97
66.81
68.65
70.50
72.34
74.17
76.00
77.82
79.68
81.51
83.34
85.18
87.05
88.91
90.79
92.67
94.56
96.48
98.41
100.35
102.30
104.25
106.23
108.23
110.25
112.28
114.36
116.44
118.57
120.70
122.87
125.02
127.22
129.42
131.66
133.94
136.24
138.58
140.93
143.33
145.71
148.12
150.58
153.01
155.46
157.93
160.44
162.96
165.47
167.97
170.50
173.02
175.53
178.06
-179.42
-176.89
-174.43
-171.96
-169.50
-167.05
-164.61
-162.20
-159.80
-157.44
-155.10
-152.79
-150.49
-148.19
-145.96
-143.72
-141.49
-139.33
-137.18
-135.07
-132.98
-130.92
-128.87
-126.86
-124.86
-122.86
-120.92
-118.96
-117.05
-115.16
-113.26
-111.40
-109.52
-107.69
-105.88
-104.08
-102.31
-100.54
-98.74
-96.96
-95.20
-93.44
-91.67
-89.94
-88.20
-86.46
-84.72
-82.98
-81.25
-79.50
-77.77
-76.04
-74.29
-72.54
-70.80
-69.05
-67.27
-65.52
-63.73
-61.96
-60.16
-58.38
-56.57
-54.74
-52.90
-51.04
-49.21
-47.37
-45.51
-43.59
-41.66
-39.72
-37.75
-35.75
-33.74
-31.71
-29.66
-27.59
-25.47
-23.27
-21.07
-18.84
-16.57
-14.24
-11.90
-9.51
-7.09
-4.66
-2.26
0.22
2.73
5.20
7.69
10.21
12.73
15.23
17.73
20.23
22.71
25.21
27.64
30.09
32.51
34.90
37.28
39.59
41.88
44.16
46.41
48.65
50.85
53.02
55.16
57.26
59.34
61.39
63.44
65.45
67.45
69.43
71.37
73.28
75.21
77.11
78.98
80.81
82.66
84.48
86.32
88.13
89.94
91.73
93.53
95.35
97.13
98.93
100.69
102.49
104.29
106.09
107.89
109.72
111.52
113.37
115.19
117.05
118.94
120.85
122.75
124.66
126.63
128.61
130.63
132.66
134.71
136.80
138.91
141.05
143.23
145.46
147.69
149.95
152.25
154.56
156.92
159.32
161.74
164.17
166.62
169.12
171.63
174.18
176.71
179.29
-178.16
-175.58
-172.98
-170.37
-167.81
-165.24
-162.66
-160.10
-157.58
-155.05
-152.54
-150.06
-147.59
-145.20
-142.80
-140.43
-138.09
-135.78
-133.52
-131.28
-129.07
-126.89
-124.71
-122.60
-120.52
-118.47
-116.42
-114.45
-112.47
-110.52
-108.59
-106.72
-104.84
-102.98
-101.15
-99.34
-97.54
-95.77
-94.00
-92.25
-90.49
-88.76
-87.03
-85.29
-83.59
-81.89
-80.20
-78.49
-76.78
-75.07
-73.36