-1.37
-1.49
-1.08
-0.48
0.23
1.00
1.79
2.65
3.54
4.45
5.37
6.30
7.24
8.22
9.18
10.16
11.14
12.13
13.15
14.15
15.14
16.14
17.15
18.18
19.22
20.25
21.29
22.33
23.38
24.44
25.47
26.52
27.56
28.63
29.70
30.78
31.80
32.85
33.91
34.96
36.04
37.11
38.18
39.25
40.30
41.37
42.43
43.51
44.59
45.65
46.72
47.78
48.86
49.95
51.01
52.11
53.17
54.25
55.31
56.41
57.49
58.57
59.66
60.72
61.79
62.87
63.95
65.06
66.17
67.28
68.41
69.54
70.69
71.81
72.94
74.05
75.22
76.34
77.47
78.66
79.83
81.01
82.21
83.40
84.59
85.80
87.02
88.25
89.48
90.71
91.97
93.25
94.56
95.87
97.20
98.55
99.91
101.30
102.70
104.09
105.49
106.90
108.36
109.86
111.33
112.80
114.29
115.82
117.32
118.87
120.43
122.00
123.54
125.12
126.70
128.29
129.92
131.56
133.18
134.79
136.38
138.02
139.66
141.29
142.93
144.53
146.15
147.82
149.45
151.03
152.63
154.25
155.81
157.40
159.01
160.62
162.21
163.81
165.39
166.94
168.47
170.02
171.52
173.01
174.50
175.96
177.43
178.89
-179.69
-178.26
-176.84
-175.45
-174.03
-172.63
-171.24
-169.90
-168.55
-167.21
-165.91
-164.60
-163.29
-162.00
-160.75
-159.49
-158.26
-157.03
-155.83
-154.60
-153.43
-152.21
-151.01
-149.84
-148.70
-147.55
-146.40
-145.24
-144.13
-143.04
-141.94
-140.87
-139.80
-138.73
-137.65
-136.60
-135.55
-134.51
-133.49
-132.43
-131.39
-130.37
-129.34
-128.33
-127.32
-126.31
-125.30
-124.31
-123.32
-122.33
-121.35
-120.36
-119.37
-118.42
-117.43
-116.46
-115.50
-114.51
-113.55
-112.59
-111.62
-110.65
-109.69
-108.73
-107.79
-106.85
-105.88
-104.91
-103.94
-102.99
-102.05
-101.10
-100.15
-99.19
-98.24
-97.30
-96.33
-95.38
-94.42
-93.46
-92.50
-91.54
-90.57
-89.61
-88.63
-87.65
-86.70
-85.75
-84.80
-83.83
-82.85
-81.89
-80.94
-79.97
-78.98
-78.00
-77.01
-76.04
-75.05
-74.09
-73.09
-72.13
-71.16
-70.17
-69.19
-68.24
-67.27
-66.29
-65.33
-64.34
-63.38
-62.44
-61.49
-60.53
-59.58
-58.65
-57.70
-56.76
-55.82
-54.88
-53.95
-53.02
-52.10
-51.19
-50.31
-49.41
-48.51
-47.63
-46.75
-45.91
-45.03
-44.20
-43.36
-42.52
-41.69
-40.89
-40.10
-39.33
-38.57
-37.83
-37.10
-36.35
-35.65
-34.94
-34.26
-33.58
-32.90
-32.25
-31.59
-30.94
-30.30
-29.67
-29.07
-28.45
-27.85
-27.21
-26.58
-25.96
-25.37
-24.76
-24.15
-23.55
-22.98
-22.39
-21.80
-21.20
-20.59
-20.01
-19.43
-18.84
-18.25
-17.69
-17.10
-16.51
-15.93
-15.37
-14.80
-14.23
-13.68
-13.11
-12.53
-11.98
-11.43
-10.89
-10.34
-9.80
-9.28
-8.77
-8.24
-7.71
-7.18
-6.66
-6.16
-5.67
-5.18
-4.67
-4.17
-3.73
2.79
28.28
60.98
94.23
93.11
93.89
94.59
96.34
97.54
98.77
99.99
101.22
102.48
103.73
105.05
106.32
107.62
108.93
110.26
111.59
112.91
114.24
115.63
117.01
118.39
119.76
121.17
122.53
123.90
125.32
126.70
128.06
129.43
130.80
132.20
133.65
135.05
136.44
137.79
139.17
140.54
141.90
143.26
144.60
145.94
147.25
148.56
149.82
151.12
152.37
153.65
154.91
156.13
157.34
158.52
159.70
160.88
162.04
163.19
164.32
165.46
166.58
167.65
168.73
169.83
170.87
171.92
172.95
173.94
174.95
175.94
176.91
177.86
178.79
179.75
-179.31
-178.40
-177.47
-176.57
-175.67
-174.79
-173.90
-173.05
-172.18
-171.36
-170.52
-169.68
-168.86
-168.07
-167.26
-166.47
-165.68
-164.89
-164.10
-163.34
-162.59
-161.82
-161.07
-160.32
-159.57
-158.83
-158.09
-157.34
-156.61
-155.87
-155.15
-154.45
-153.72
-152.99
-152.28
-151.55
-150.82
-150.10
-149.38
-148.66
-147.96
-147.25
-146.51
-145.80
-145.06
-144.32
-143.58
-142.84
-142.10
-141.33
-140.58
-139.82
-139.08
-138.31
-137.55
-136.76
-135.97
-135.17
-134.36
-133.56
-132.74
-131.92
-131.08
-130.22
-129.36
-128.48
-127.61
-126.69
-125.79
-124.85
-123.90
-122.94
-121.98
-120.98
-120.00
-118.96
-117.90
-116.81
-115.71
-114.59
-113.45
-112.29
-111.08
-109.83
-108.59
-107.26
-105.94
-104.57
-103.18
-101.75
-100.32
-98.82
-97.30
-95.68
-94.08
-92.42
-90.66
-88.89
-87.07
-85.23
-83.34
-81.41
-79.44
-77.39
-75.33
-73.26
-71.11
-68.93
-66.76
-64.52
-62.30
-60.00
-57.75
-55.42
-53.08
-50.78
-48.47
-46.13
-43.80
-41.46
-39.15
-36.87
-34.62
-32.40
-30.21
-27.96
-25.83
-23.81
-21.85
-19.84
-17.90
-16.00
-14.09
-12.24
-10.46
-8.67
-6.91
-5.25
-3.59
-2.00
-0.45
1.11
2.61
4.02
5.41
6.82
8.18
9.53
10.80
12.01
13.24
14.46
15.64
16.83
17.97
19.08
20.22
21.32
22.41
23.44
24.46
25.47
26.47
27.46
28.42
29.40
30.33
31.24
32.14
33.05
33.93
34.82
35.66
36.56
37.37
38.21
39.02
39.83
40.64
41.44
42.24
43.05
43.84
44.63
45.41
46.21
47.02
47.79
48.56
49.36
50.15
50.92
51.69
52.45
53.22
54.00
54.76
55.52
56.29
57.08
57.85
58.61
59.38
60.17
60.95
61.75
62.55
63.36
64.16
64.93
65.73
66.55
67.37
68.21
69.03
69.87
70.70
71.55
72.40
73.25
74.10
74.97
75.83
76.70
77.60
78.49
79.40
80.31
81.22
82.14
83.10
84.08
85.05
86.02
86.99
87.99
89.00
90.01
91.01
92.05
93.09
94.15
95.22
96.31
97.40
98.50
99.58
100.71
101.83
103.01
104.16
105.32
106.48
107.68
108.86
110.07
111.29
112.52
113.76
115.02
116.25
117.52
118.76
120.02
121.32
122.61
123.90
125.21
126.57
127.88
129.19
130.53
131.85
133.16
134.50
135.79
137.11
138.42
139.72
141.05
142.36
143.67
144.97
146.27
147.57
148.85
150.13
151.41
152.68
153.96
155.21
156.43
157.65
158.87
160.06
161.26
162.46
163.63
164.81
165.97
167.14
168.27
169.38
170.50
171.61
172.72
173.80
174.87
175.92
176.97
177.98
178.99
-179.97
-178.97
-177.99
-177.02
-176.04
-175.08
-174.14
-173.19
-172.26
-171.34
-170.43
-169.53
-168.63
-167.74
-166.87
-166.01
-165.13
-164.28
-163.41
-162.58
-161.74
-160.94
-160.11
-159.30
-158.51
-157.70
-156.89
-156.10
-155.30
-154.52
-153.73
-152.96
-152.17
-151.38
-150.59
-149.82
-149.04
-148.29
-147.51
-146.76
-145.99
-145.22
-144.45
-143.67
-142.89
-142.10
-141.34
-140.58
-139.80
-139.02
-138.24
-137.44
-136.66
-135.87
-135.07
-134.26
-133.47
-132.67
-131.86
-131.05
-130.22
-129.35
-128.50
-127.65
-126.79
-125.92
-125.07
-124.16
-123.28
-122.37
-121.46
-120.52
-119.56
-118.58
-117.61
-116.64
-115.62
-114.60
-113.55
-112.50
-111.41
-110.32
-109.18
-108.04
-106.88
-105.66
-104.42
-103.16
-101.88
-100.56
-99.23
-97.88
-96.46
-95.04
-93.56
-92.08
-90.55
-88.95
-87.31
-85.63
-83.89
-82.17
-80.42
-78.57
-76.72
-74.85
-72.89
-70.92
-68.87
-66.81
-64.73
-62.62
-60.45
-58.30
-56.09
-53.87
-51.71
-49.49
-47.22
-44.96
-42.68
-40.47
-38.21
-35.97
-33.70
-31.47
-29.21
-26.99
-24.88
-22.81
-20.67
-18.56
-16.53
-14.50
-12.50
-10.51
-8.63
-6.79
-4.93
-3.11
-1.32
0.43
2.09
3.74
5.36
6.90
8.48
9.98
11.45
12.90
14.31
15.68
17.03
18.35
19.66
20.93
22.14
23.38
24.60
25.77
26.91
28.05
29.18
30.28
31.38
32.46
33.50
34.49
35.50
36.46
37.44
38.39
39.34
40.28
41.20
42.12
43.00
43.93
44.82
45.70
46.57
47.43
48.27
49.15
49.99
50.82
51.66
52.50
53.32
54.15
54.96
55.76
56.58
57.41
58.20
59.02
59.82
60.61
61.41
62.21
63.02
63.81
64.62
65.43
66.23
67.04
67.88
68.69
69.51
70.30
71.12
71.95
72.76
73.60
74.44
75.29
76.13
76.99
77.85
78.73
79.62
80.48
81.37
82.26
83.16
84.05
84.94
85.87
86.78
87.71
88.64
89.57
90.52
91.48
92.42
93.41
94.39
95.36
96.38
97.40
98.41
99.43
100.46
101.50
102.55
103.63
104.71
105.79
106.89
108.00
109.12
110.25
111.38
112.50
113.65
114.81
115.96
117.11
118.31
119.49
120.67
121.87
123.09
124.32
125.54
126.74
127.99