2
-2.67
-4.77
-6.35
-7.69
-8.89
-10.02
-11.06
-12.07
-12.99
-13.88
-14.77
-15.62
-16.41
-17.21
-17.94
-18.70
-19.40
-20.07
-20.73
-21.33
-21.91
-22.46
-22.96
-23.45
-23.92
-24.35
-24.79
-25.16
-25.53
-25.85
-26.16
-26.44
-26.65
-26.87
-27.07
-27.23
-27.36
-27.43
-27.51
-27.53
-27.54
-27.51
-27.47
-27.38
-27.25
-27.08
-26.89
-26.67
-26.39
-26.12
-25.80
-25.45
-25.07
-24.65
-24.19
-23.70
-23.18
-22.60
-21.99
-21.37
-20.70
-20.02
-19.31
-18.57
-17.77
-16.93
-16.04
-15.14
-14.16
-13.20
-12.18
-11.15
-10.15
-9.10
-8.01
-6.92
-5.80
-4.70
-3.55
-2.42
-1.29
-0.13
1.00
2.17
3.30
4.41
5.49
6.58
7.65
8.71
9.74
10.74
11.71
12.64
13.55
14.42
15.30
16.13
16.94
17.74
18.44
19.14
19.79
20.42
21.04
21.60
22.12
22.60
23.08
23.47
23.87
24.22
24.51
24.80
25.04
25.28
25.49
25.64
25.79
25.85
25.92
25.96
25.99
25.99
25.95
25.88
25.82
25.71
25.57
25.39
25.19
24.98
24.75
24.45
24.14
23.85
23.50
23.12
22.70
22.27
21.83
21.34
20.87
20.34
19.78
19.21
18.59
17.97
17.34
16.67
15.97
15.24
14.47
13.68
12.87
12.01
11.13
10.21
9.27
8.30
7.28
6.22
5.12
3.98
2.81
1.59
0.30
-0.98
-2.34
-3.68
-5.07
-6.42
-7.86
-9.33
-10.75
-12.19
-13.66
-15.09
-16.51
-17.91
-19.32
-20.73
-22.12
-23.45
-24.78
-26.08
-27.35
-28.61
-29.78
-30.91
-32.03
-33.09
-34.14
-35.16
-36.14
-37.08
-37.96
-38.79
-39.61
-40.39
-41.09
-41.75
-42.40
-43.01
-43.56
-44.10
-44.60
-45.05
-45.44
-45.82
-46.16
-46.47
-46.76
-46.97
-47.13
-47.27
-47.38
-47.45
-47.48
-47.48
-47.43
-47.37
-47.26
-47.12
-46.94
-46.71
-46.44
-46.10
-45.76
-45.36
-44.93
-44.48
-44.00
-43.47
-42.88
-42.24
-41.55
-40.86
-40.07
-39.26
-38.42
-37.53
-36.56
-35.59
-34.57
-33.52
-32.43
-31.29
-30.11
-28.92
-27.68
-26.42
-25.11
-23.75
-22.38
-21.02
-19.64
-18.25
-16.85
-15.44
-14.00
-12.58
-11.16
-9.72
-8.34
-6.99
-5.64
-4.31
-2.97
-1.69
-0.46
0.76
1.96
3.11
4.18
5.25
6.31
7.34
8.32
9.25
10.14
10.97
11.77
12.56
13.26
13.91
14.53
15.12
15.67
16.18
16.65
17.09
17.49
17.83
18.12
18.42
18.67
18.88
19.08
19.23
19.35
19.41
19.47
19.48
19.46
19.41
19.32
19.17