2.91
4.61
5.55
6.28
6.84
7.35
7.80
8.24
8.63
9.00
9.37
9.68
9.99
10.24
10.56
10.84
11.15
11.46
11.72
12.01
12.27
12.55
12.81
13.07
13.30
13.54
13.77
13.98
14.21
14.39
14.63
14.83
15.02
15.20
15.38
15.57
15.79
15.96
16.09
16.25
16.38
16.49
16.60
16.72
16.82
16.92
17.01
17.12
17.18
17.24
17.32
17.39
17.42
17.44
17.48
17.47
17.53
17.55
17.56
17.53
17.52
17.48
17.45
17.41
17.37
17.34
17.23
17.15
17.01
16.89
16.76
16.61
16.42
16.24
16.04
15.86
15.64
15.42
15.17
14.86
14.56
14.25
13.94
13.62
13.30
12.92
12.54
12.15
11.75
11.35
10.91
10.42
9.88
9.34
8.80
8.21
7.62
7.01
6.37
5.75
5.11
4.46
3.82
3.11
2.40
1.70
1.00
0.23
-0.53
-1.34
-2.14
-2.94
-3.74
-4.55
-5.36
-6.21
-7.07
-7.94
-8.79
-9.66
-10.47
-11.35
-12.23
-13.11
-13.99
-14.83
-15.68
-16.59
-17.43
-18.25
-19.11
-19.94
-20.74
-21.54
-22.35
-23.17
-23.97
-24.77
-25.56
-26.33
-27.06
-27.81
-28.51
-29.20
-29.88
-30.55
-31.23
-31.89
-32.51
-33.10
-33.71
-34.26
-34.85
-35.43
-35.99
-36.50
-37.03
-37.54
-37.99
-38.48
-38.94
-39.38
-39.80
-40.20
-40.58
-40.94
-41.28
-41.64
-41.97
-42.31
-42.64
-42.92
-43.19
-43.46
-43.70
-43.96
-44.17
-44.34
-44.52
-44.66
-44.80
-44.95
-45.08
-45.21
-45.32
-45.40
-45.44
-45.52
-45.60
-45.63
-45.67
-45.69
-45.68
-45.67
-45.62
-45.60
-45.56
-45.54
-45.49
-45.40
-45.34
-45.25
-45.14
-45.05
-44.90
-44.76
-44.63
-44.49
-44.33
-44.16
-43.98
-43.78
-43.56
-43.36
-43.13
-42.91
-42.68
-42.45
-42.22
-41.96
-41.70
-41.43
-41.15
-40.83
-40.53
-40.20
-39.90
-39.58
-39.25
-38.90
-38.57
-38.20
-37.84
-37.50
-37.12
-36.74
-36.34
-35.96
-35.57
-35.12
-34.67
-34.21
-33.76
-33.32
-32.89
-32.42
-31.93
-31.46
-31.00
-30.52
-30.02
-29.51
-29.00
-28.48
-27.96
-27.42
-26.88
-26.31
-25.74
-25.19
-24.60
-24.03
-23.45
-22.87
-22.28
-21.67
-21.07
-20.47
-19.86
-19.24
-18.58
-17.93
-17.28
-16.60
-15.93
-15.25
-14.59
-13.90
-13.20
-12.50
-11.78
-11.05
-10.30
-9.55
-8.75
-7.96
-7.17
-6.38
-5.58
-4.76
-3.95
-3.14
-2.29
-1.40
-0.53
0.34
1.23
2.12
3.02
3.90
4.79
5.69
6.59
7.49
8.37
9.26
10.13
10.99
11.85
12.73
13.57
14.42
15.22
16.04
16.88
17.68
18.45
19.24
20.00
20.77
21.55
22.31
23.08
23.85
24.61
25.35
26.09
26.78
27.48
28.19
28.90
29.59
30.29
30.98
31.65
32.32
32.97
33.60
34.28
34.93
35.58
36.22
36.86
37.48
38.13
38.74
39.06
39.18
38.80
38.53
37.78
37.38
36.42
35.66
34.79
33.88
33.01
32.10
31.17
30.21
29.22
28.25
27.27
26.28
25.27
24.26
23.26
22.23
21.19
20.10
19.04
17.98
16.90
15.84
14.80
13.71
12.62
11.57
10.52
9.47
8.39
7.28
6.20
5.10
4.08
3.05
1.98
0.95
-0.10
-1.11
-2.13
-3.12
-4.08
-5.02
-6.00
-6.93
-7.87
-8.77
-9.65
-10.54
-11.37
-12.22
-13.09
-13.92
-14.75
-15.56
-16.36
-17.13
-17.85
-18.58
-19.30
-19.99
-20.67
-21.36
-22.00
-22.64
-23.28
-23.92
-24.51
-25.09
-25.68
-26.26
-26.80
-27.35
-27.88
-28.38
-28.85
-29.34
-29.81
-30.26
-30.71
-31.13
-31.56
-31.94
-32.31
-32.73
-33.09
-33.43
-33.80
-34.12
-34.40
-34.70
-34.99
-35.29
-35.54
-35.79
-36.04
-36.28
-36.53
-36.73
-36.98
-37.19
-37.41
-37.60
-37.77
-37.91
-38.06
-38.18
-38.32
-38.45
-38.53
-38.62
-38.69
-38.75
-38.81
-38.84
-38.89
-38.92
-38.93
-38.94
-38.90
-38.86
-38.81
-38.77
-38.70
-38.64
-38.55
-38.47
-38.33
-38.19
-38.06
-37.90
-37.72
-37.53
-37.32
-37.09
-36.86
-36.60
-36.30
-36.00
-35.68
-35.36
-34.99
-34.63
-34.22
-33.81
-33.36
-32.90
-32.38
-31.83
-31.29
-30.73
-30.14
-29.50
-28.79
-28.10
-27.34
-26.59
-25.76
-24.92
-24.00
-23.11
-22.17
-21.20
-20.14
-19.07
-17.95
-16.74
-15.50
-14.23
-12.93
-11.58
-10.19
-8.73
-7.22
-5.67
-4.12
-2.52
-0.86
0.79
2.51
4.21
5.98
7.71
9.51
11.33
13.09
14.89
16.69
18.48
20.28
22.04
23.79
25.48
27.15
28.80
30.49
32.07
33.57
35.01
36.46
37.84
39.21
40.55
41.86
43.09
44.30
45.52
46.63
47.73
48.75
49.73
50.71
51.63
52.47
53.27
54.10
54.90
55.63
56.32
56.94
57.56
58.17
58.73
59.30
59.79
60.27
60.74
61.19
61.65
62.03
62.42
62.79
63.13
63.46
63.74
64.02
64.30
64.54
64.76
64.97
65.15
65.34
65.48
65.64
65.72
65.81
65.89
65.98
66.03
66.07
66.11
66.11
66.12
66.13
66.12
66.10
66.09
66.04
65.97
65.93
65.85
65.78
65.67
65.53
65.41
65.31
65.15
64.97
64.81
64.64
64.44
64.24
64.03
63.81
63.59
63.35
63.09
62.84
62.55
62.24
61.96
61.66
61.32
60.99
60.63
60.28
59.92
59.54
59.18
58.76
58.36
57.93
57.49
57.03
56.54
56.05
55.57
55.08
54.58
54.05
53.50
52.92
52.38
51.81
51.22
50.63
50.01
49.40
48.77
48.12
47.46
46.78
46.10
45.39
44.69
43.98
43.24
42.49
41.74
40.94
40.15
39.35
38.52
37.67
36.83
35.98
35.09
34.21
33.31
32.42
31.52
30.61
29.68
28.74
27.80
26.83
25.90
24.94
23.92
22.93
21.97
20.98
20.01
19.06
18.06
17.10
16.14
15.15
14.20
13.21
12.23
11.25
10.28
9.33
8.37
7.43
6.52
5.58
4.65
3.75
2.84
1.97
1.10
0.23
-0.62
-1.47
-2.30
-3.12
-3.95
-4.74
-5.50
-6.30
-7.03
-7.76
-8.48
-9.21
-9.91
-10.58
-11.25
-11.93
-12.56
-13.17
-13.82
-14.44
-15.02
-15.62
-16.19
-16.75
-17.27
-17.80
-18.31
-18.82
-19.32
-19.81
-20.28
-20.74
-21.16
-21.59
-22.02
-22.39
-22.79
-23.16
-23.55
-23.92
-24.26
-24.59
-24.93
-25.25
-25.58
-25.87
-26.15
-26.43
-26.69
-26.93
-27.15
-27.38
-27.60
-27.79
-27.99
-28.18
-28.36
-28.53
-28.67
-28.81
-28.94
-29.04
-29.14
-29.22
-29.33
-29.41
-29.47
-29.53
-29.58
-29.60
-29.58
-29.58
-29.56
-29.53
-29.54
-29.49
-29.47
-29.39
-29.32
-29.20
-29.08
-28.96
-28.81
-28.68
-28.56
-28.37
-28.18
-27.94
-27.72
-27.50
-27.22
-26.92
-26.62
-26.29
-25.95
-25.56
-25.17
-24.75
-24.30
-23.87
-23.36
-22.85
-22.31
-21.72
-21.12
-20.50
-19.84
-19.14
-18.42
-17.68
-16.87
-16.04
-15.17
-14.29
-13.37
-12.35
-11.29
-10.23
-9.10
-7.97
-6.79
-5.53
-4.26
-2.97
-1.60
-0.22
1.27
2.76
4.26
5.81
7.39
8.95
10.59
12.23
13.80
15.45
17.14
18.81
20.50
22.14
23.83
25.48
27.17
28.82
30.48
32.12
33.66
35.15
36.69
38.18
39.60
41.05
42.44
43.81
45.08
46.30
47.54
48.76
49.93
51.08
52.11
53.15
54.16
55.08
56.03
56.86
57.67
58.45
59.21
59.95
60.63
61.28
61.91
62.49
63.03
63.62
64.15
64.65
65.11
65.55
66.00
66.41
66.79
67.13
67.42
67.71
68.02
68.22
68.46
68.68
68.89
69.08
69.24
69.38
69.50
69.60
69.69
69.78
69.86
69.92
69.96
70.02
70.05
70.04
70.01
69.98
69.94
69.91
69.86
69.74
69.67
69.56
69.46
69.34
69.22
69.07
68.90
68.72
68.57
68.39
68.22
68.03
67.82
67.61
67.38
67.13
66.89
66.63
66.35
66.09
65.78
65.48
65.16
64.84
64.51
64.19
63.83
63.46
63.09
62.68
62.28
61.85
61.43
61.01
60.55
60.10
59.64
59.14
58.64
58.12
57.60
57.08
56.52
55.98
55.41
54.82
54.22
53.60
53.01
52.38
51.74
51.08
50.42
49.76
49.05
48.36
47.65
46.93
46.18
45.43
44.69
43.92
43.13
42.36
41.58
40.79
39.99
39.15
38.34
37.51
36.65
35.80
34.94
34.09
33.22